timepoint,stationcode,longitude,latitude,area,positionname,primarypollutant,aqi,pm10,pm10_24h,pm2_5,pm2_5_24h,o3,o3_24h,o3_8h,o3_8h_24h,no2,no2_24h,so2,so2_24h,co,co_24h
2026-03-06T1100,2568A,102.2503,31.8896,阿坝藏族羌族自治州,马师校,,27,27,27,13,12,49,49,46,42,12,7,5,5,0.5,0.4
2026-03-06T1100,3994A,102.2174,31.9016,阿坝藏族羌族自治州,马尔康中学西区,,20,NA,29,14,13,52,52,49,45,10,7,6,5,0.4,0.3
2026-03-06T1100,2695A,80.2899,41.1684,阿克苏地区,电视台,颗粒物(PM10),191,332,299,96,87,26,26,72,55,43,19,6,5,2.0,1.4
2026-03-06T1100,2696A,80.2592,41.1541,阿克苏地区,艺术中心,颗粒物(PM10),175,300,292,93,92,16,16,74,56,55,23,8,6,1.4,0.9
2026-03-06T1100,2205A,105.699,38.8409,阿拉善盟,蒙二幼,,27,25,23,3,6,84,84,80,80,5,6,9,8,0.4,0.4
2026-03-06T1100,2206A,105.7198,38.8508,阿拉善盟,环保局新楼,NA,NA,19,17,3,4,NA,NA,84,84,5,4,9,7,0.5,0.4
2026-03-06T1100,2708A,88.1266,47.8515,阿勒泰地区,市站,,30,6,4,3,2,96,96,96,91,10,12,3,3,0.2,0.2
2026-03-06T1100,4166A,88.1198,47.7931,阿勒泰地区,阿勒泰路33号,,25,6,6,3,1,80,80,91,90,21,14,8,6,0.3,0.2
2026-03-06T1100,2630A,80.1171,32.4999,阿里地区,阿里监测站,,22,21,10,3,4,69,69,77,76,14,7,8,9,0.4,0.3
2026-03-06T1100,3192A,80.0906,32.5029,阿里地区,阿里藏医院,,23,16,10,3,4,71,71,72,70,12,5,15,9,0.4,0.2
2026-03-06T1100,2644A,109.0088,32.6974,安康市,汉滨区检察院,细颗粒物(PM2.5),60,61,43,40,22,44,44,27,26,14,15,3,3,0.6,0.5
2026-03-06T1100,4054A,109.0324,32.6913,安康市,市邮政管理局,细颗粒物(PM2.5),64,68,48,42,26,32,32,24,22,20,20,5,6,0.8,0.8
2026-03-06T1100,2291A,117.0806,30.5181,安庆市,环科院,细颗粒物(PM2.5),58,47,64,39,42,69,69,51,51,6,10,7,7,0.7,0.6
2026-03-06T1100,2292A,117.0331,30.5118,安庆市,马山宾馆,细颗粒物(PM2.5),64,58,67,42,46,65,65,51,51,13,17,6,5,0.8,0.7
2026-03-06T1100,2294A,116.9897,30.6146,安庆市,安庆大学,细颗粒物(PM2.5),58,50,52,39,33,67,67,57,53,8,9,4,4,0.6,0.5
2026-03-06T1100,3173A,117.0598,30.5351,安庆市,市人大,NA,NA,56,64,37,38,NA,NA,49,49,11,17,6,6,0.8,0.7
2026-03-06T1100,3123A,105.9408,26.2431,安顺市,凤凰山,,22,NA,48,15,42,31,31,36,30,11,12,10,16,0.6,0.7
2026-03-06T1100,3124A,105.9443,26.2567,安顺市,金钟山,NA,NA,24,39,20,42,32,32,36,32,NA,9,NA,16,0.6,0.7
2026-03-06T1100,3125A,105.8983,26.248,安顺市,娄家坡,,16,15,46,11,38,25,25,37,30,11,10,11,15,0.6,0.7
2026-03-06T1100,1819A,114.3552,36.1017,安阳市,红庙街,细颗粒物(PM2.5),88,70,60,54,64,46,46,35,35,8,16,1,1,0.5,0.7
2026-03-06T1100,1820A,114.361,36.0681,安阳市,银杏小区,细颗粒物(PM2.5),98,NA,61,59,67,49,49,37,37,12,18,2,2,0.7,0.9
2026-03-06T1100,3141A,114.3921,36.0879,安阳市,信访局,NA,NA,NA,57,NA,65,46,46,34,34,NA,17,2,2,0.7,0.8
2026-03-06T1100,3669A,114.4706,36.0634,安阳市,左辅环卫站,细颗粒物(PM2.5),74,68,79,47,61,54,54,41,41,4,10,1,2,0.5,0.7
2026-03-06T1100,4117A,114.2918,36.0769,安阳市,钢三路198号,细颗粒物(PM2.5),107,83,80,67,68,44,44,36,36,13,18,1,1,0.7,0.9
2026-03-06T1100,1748A,123.0441,41.1201,鞍山市,深沟寺,,31,31,39,19,28,69,69,56,56,14,21,10,10,0.6,0.7
2026-03-06T1100,1749A,123.011,41.0931,鞍山市,太阳城,,33,31,36,23,30,70,70,58,58,14,20,13,12,0.5,0.7
2026-03-06T1100,1750A,123.0483,41.1445,鞍山市,太平,,38,38,43,19,28,72,72,57,57,12,19,12,12,0.5,0.7
2026-03-06T1100,1751A,122.964,41.0968,鞍山市,铁西三道街,,45,45,49,28,37,66,66,46,46,21,32,20,22,1.5,1.8
2026-03-06T1100,1753A,123.0219,41.0822,鞍山市,明达新区,,33,33,37,21,28,68,68,56,56,14,19,13,12,0.6,0.7
2026-03-06T1100,4201A,122.944647,41.082639,鞍山市,兴盛南路290号,NA,NA,42,41,22,30,69,69,55,55,NA,25,8,13,0.9,1.1
2026-03-06T1100,2195A,107.4206,40.7609,巴彦淖尔市,附二中,,35,35,42,3,14,61,61,48,44,8,9,14,9,0.3,0.3
2026-03-06T1100,2196A,107.37,40.7372,巴彦淖尔市,市环保大楼,,39,39,41,10,13,65,65,57,52,10,10,6,7,0.4,0.4
2026-03-06T1100,1956A,86.1476,41.7529,巴音郭楞蒙古自治州,孔雀公园,颗粒物(PM10),80,91,140,33,42,72,72,87,82,14,16,12,10,0.4,0.4
2026-03-06T1100,1957A,86.1971,41.7166,巴音郭楞蒙古自治州,棉纺厂,颗粒物(PM10),80,92,142,29,44,74,74,81,77,16,13,/,/,/,/
2026-03-06T1100,1958A,86.236,41.7172,巴音郭楞蒙古自治州,经济开发区,颗粒物(PM10),57,59,116,16,37,77,77,79,75,9,9,7,8,0.4,0.4
2026-03-06T1100,3181A,106.776805,31.852614,巴中市,市五中,细颗粒物(PM2.5),60,48,39,40,28,52,52,25,25,18,19,9,7,0.9,0.8
2026-03-06T1100,3183A,106.7419,31.8654,巴中市,圣泉水务公司,细颗粒物(PM2.5),64,48,41,42,30,38,38,8,8,22,33,10,8,1.2,1
2026-03-06T1100,3616A,106.7617,31.8343,巴中市,市中心医院,细颗粒物(PM2.5),58,51,42,39,29,48,48,9,9,16,23,10,8,0.9,0.8
2026-03-06T1100,2235A,122.7909,45.608,白城市,洮北区环保局,,26,20,26,3,15,81,81,61,61,9,13,6,6,0.1,0.2
2026-03-06T1100,2236A,122.8741,45.5725,白城市,市环保局,,28,12,20,3,13,88,88,76,76,1,16,5,4,0.3,0.4
2026-03-06T1100,2231A,126.4219,41.9172,白山市,喜丰,,36,34,36,25,23,85,85,77,77,10,11,8,8,0.8,0.8
2026-03-06T1100,2232A,126.4082,41.9416,白山市,环保局,,40,32,31,28,30,84,84,78,78,9,11,11,9,0.8,0.7
2026-03-06T1100,2647A,104.1727,36.5448,白银市,第三小学,颗粒物(PM10),72,80,94,25,35,70,70,61,53,16,16,30,33,0.5,0.5
2026-03-06T1100,2648A,104.1467,36.5482,白银市,动力公司,NA,NA,NA,78,NA,28,73,73,51,51,12,12,NA,11,0.6,0.7
2026-03-06T1100,2512A,106.6102,23.901,百色市,市监测站,颗粒物(PM10),53,54,51,31,33,44,44,24,24,22,20,14,11,0.8,0.7
2026-03-06T1100,2513A,106.6524,23.8842,百色市,市中心血站,细颗粒物(PM2.5),76,71,51,48,42,45,45,18,16,25,26,15,12,1.0,0.9
2026-03-06T1100,4133A,106.6273,23.8798,百色市,龙景西路,细颗粒物(PM2.5),82,66,61,51,40,40,40,19,19,20,19,47,14,0.9,0.7
2026-03-06T1100,2270A,117.396,32.9389,蚌埠市,工人疗养院,细颗粒物(PM2.5),114,98,73,75,50,39,39,17,17,28,30,5,4,0.8,0.8
2026-03-06T1100,2271A,117.3606,32.9428,蚌埠市,百货大楼,细颗粒物(PM2.5),108,94,68,68,47,40,40,18,18,25,27,6,5,0.7,0.7
2026-03-06T1100,2273A,117.4183,32.8909,蚌埠市,蚌埠学院,细颗粒物(PM2.5),110,NA,58,70,49,44,44,14,14,22,29,5,3,0.7,0.6
2026-03-06T1100,2274A,117.3534,32.9672,蚌埠市,淮上区政府,细颗粒物(PM2.5),115,88,64,76,53,39,39,20,20,21,31,5,4,0.7,0.7
2026-03-06T1100,2275A,117.3143,32.8977,蚌埠市,高新区,细颗粒物(PM2.5),108,73,67,68,53,32,32,8,8,32,34,7,6,0.7,0.7
2026-03-06T1100,3715A,117.3091,32.9314,蚌埠市,蚌埠田家炳中学,细颗粒物(PM2.5),110,96,84,71,51,37,37,9,9,26,39,6,6,0.7,0.6
2026-03-06T1100,1585A,109.8761,40.6533,包头市,市环境监测站,,40,40,33,17,10,56,56,41,39,24,19,19,6,0.7,0.5
2026-03-06T1100,1587A,109.9992,40.5843,包头市,包头八中,,48,48,33,23,16,55,55,33,31,23,20,17,8,0.6,0.6
2026-03-06T1100,1589A,109.8641,40.6288,包头市,惠龙物流,,40,40,26,26,13,55,55,45,41,25,18,19,6,0.8,0.5
2026-03-06T1100,1590A,110.0376,40.5546,包头市,东河鸿龙湾,细颗粒物(PM2.5),52,46,29,36,16,58,58,32,28,24,24,10,8,0.6,0.5
2026-03-06T1100,3283A,109.9154,40.5684,包头市,滨河大厦,,36,36,21,15,9,58,58,35,32,22,22,9,7,0.6,0.5
2026-03-06T1100,3419A,109.9449,40.6259,包头市,包头市委党校,颗粒物(PM10),63,68,29,20,9,64,64,41,41,19,20,16,10,0.4,0.4
2026-03-06T1100,3683A,109.8332,40.6577,包头市,昆区政府,,33,33,23,20,9,50,50,53,46,34,18,27,8,1.0,0.5
2026-03-06T1100,1931A,107.0802,34.3129,宝鸡市,竹园沟,,44,44,66,9,21,75,75,40,40,15,18,8,7,0.2,0.3
2026-03-06T1100,1933A,107.1429,34.3549,宝鸡市,监测站,,40,40,83,7,21,63,63,50,50,13,20,7,6,0.6,0.4
2026-03-06T1100,1934A,107.1172,34.3759,宝鸡市,技工学校,颗粒物(PM10),53,53,89,11,29,72,72,58,58,15,22,6,6,0.4,0.4
2026-03-06T1100,1936A,107.2025,34.3518,宝鸡市,文理学院,,44,44,82,10,28,72,72,58,58,14,21,6,5,0.5,0.5
2026-03-06T1100,1937A,107.2396,34.3626,宝鸡市,三迪小学,,49,49,93,10,28,71,71,56,56,15,23,6,6,0.4,0.5
2026-03-06T1100,4155A,107.1721,34.3558,宝鸡市,滨河北路,,35,35,77,10,30,70,70,57,57,13,20,7,6,0.3,0.3
2026-03-06T1100,4308A,107.3898,34.3601,宝鸡市,陈仓区北开路21号,颗粒物(PM10),53,54,105,10,34,68,68,52,52,15,27,8,10,0.3,0.4
2026-03-06T1100,1051A,115.4803,38.8568,保定市,游泳馆,细颗粒物(PM2.5),114,NA,66,75,63,42,42,18,18,16,24,1,2,0.7,0.7
2026-03-06T1100,1052A,115.509,38.8895,保定市,华电二区,细颗粒物(PM2.5),108,NA,61,68,58,38,38,22,21,17,21,3,2,0.7,0.7
2026-03-06T1100,1053A,115.4588,38.9037,保定市,接待中心,细颗粒物(PM2.5),74,64,67,47,58,45,45,19,19,11,18,1,2,0.5,0.5
2026-03-06T1100,1054A,115.4484,38.8344,保定市,地表水厂,细颗粒物(PM2.5),86,76,68,53,53,40,40,13,13,18,26,4,4,0.5,0.5
2026-03-06T1100,3581A,115.3136,38.9511,保定市,满城区生态环境分局,NA,NA,63,70,NA,52,50,50,19,19,12,25,4,3,0.6,0.4
2026-03-06T1100,3582A,115.4709,38.7628,保定市,清苑区第二中学,细颗粒物(PM2.5),92,79,74,56,55,41,41,20,20,13,25,1,2,0.7,0.7
2026-03-06T1100,3583A,115.6231,39.0223,保定市,徐水物探局,细颗粒物(PM2.5),120,NA,75,82,62,NA,NA,9,9,NA,27,2,3,0.7,0.8
2026-03-06T1100,4004A,115.4199,38.8665,保定市,双鹰农机,细颗粒物(PM2.5),100,93,81,60,57,48,48,21,21,13,24,5,4,0.7,0.8
2026-03-06T1100,4034A,115.515,38.8589,保定市,植保所站,细颗粒物(PM2.5),86,80,75,53,58,38,38,39,39,23,27,2,3,0.7,0.7
2026-03-06T1100,2594A,99.1589,25.1137,保山市,市环境监测站,细颗粒物(PM2.5),116,103,80,77,64,NA,NA,105,93,28,12,7,4,0.6,0.3
2026-03-06T1100,2595A,99.1616,25.1381,保山市,市环保局,细颗粒物(PM2.5),117,119,90,78,65,72,72,122,103,33,10,5,4,1.0,0.6
2026-03-06T1100,1867A,109.1435,21.4085,北海市,海滩公园,,30,30,28,11,15,73,73,58,58,9,15,4,4,0.5,0.6
2026-03-06T1100,1868A,109.0983,21.466,北海市,新市环保局,NA,NA,21,28,17,16,73,73,61,58,10,16,7,8,NA,0.6
2026-03-06T1100,1869A,109.1775,21.5232,北海市,北海工业园,,32,32,34,14,20,69,69,51,49,7,12,6,7,0.7,0.8
2026-03-06T1100,3400A,109.1844,21.4396,北海市,龙潭自来水厂,,26,26,27,17,20,66,66,45,44,6,13,10,9,0.8,0.9
2026-03-06T1100,1001A,116.3611,39.8786,北京市,万寿西宫,,23,12,60,9,54,71,71,34,34,18,43,2,2,0.3,0.8
2026-03-06T1100,1003A,116.4174,39.9289,北京市,东四,,20,12,61,8,54,62,62,34,34,13,30,6,5,0.5,0.9
2026-03-06T1100,1004A,116.4073,39.8858,北京市,天坛,,21,10,54,7,47,67,67,27,27,13,25,3,2,0.6,0.9
2026-03-06T1100,1005A,116.4622,39.9364,北京市,农展馆,,23,10,59,6,52,73,73,37,37,9,27,5,4,0.4,0.9
2026-03-06T1100,1006A,116.3399,39.9293,北京市,官园,,19,13,55,9,48,60,60,35,35,15,30,5,4,0.4,0.8
2026-03-06T1100,1007A,116.2879,39.9613,北京市,海淀万柳,,18,13,47,10,44,56,56,22,22,21,35,3,3,0.4,0.8
2026-03-06T1100,1008A,116.6635,40.1349,北京市,顺义新城,,27,7,55,3,47,84,84,65,65,4,18,3,3,0.2,0.6
2026-03-06T1100,1009A,116.6275,40.327,北京市,怀柔镇,,24,7,43,3,39,75,75,50,50,6,15,5,4,0.4,0.7
2026-03-06T1100,1010A,116.2295,40.217,北京市,昌平镇,,21,21,42,14,36,51,51,44,41,24,27,2,2,0.6,0.7
2026-03-06T1100,1011A,116.3968,39.982,北京市,奥体中心,,20,11,59,8,49,61,61,31,31,9,27,4,3,0.4,0.8
2026-03-06T1100,3418A,116.8336,40.4095,北京市,密云新城,,25,6,44,3,37,79,79,66,66,6,9,3,2,0.3,0.6
2026-03-06T1100,3671A,116.0879,39.9725,北京市,门头沟三家店,,21,10,47,6,40,65,65,28,28,10,29,4,3,0.4,0.7
2026-03-06T1100,3672A,116.1507,39.8246,北京市,丰台云岗,,19,19,56,12,48,51,51,36,36,22,32,3,2,0.5,0.9
2026-03-06T1100,3674A,115.9578,39.7602,北京市,房山燕山,,32,29,44,22,41,50,50,55,54,23,21,3,3,0.4,0.6
2026-03-06T1100,3675A,116.4669,39.7734,北京市,大兴旧宫,,21,12,66,8,55,65,65,19,19,14,29,4,3,0.4,0.8
2026-03-06T1100,3694A,115.9859,40.4562,北京市,延庆石河营,,21,15,24,9,21,66,66,26,22,9,20,3,1,0.4,0.5
2026-03-06T1100,3695A,116.6151,40.3052,北京市,怀柔新城,,24,7,45,6,44,75,75,52,52,8,12,3,2,0.3,0.6
2026-03-06T1100,3696A,116.2542,39.8764,北京市,丰台小屯,,18,17,62,12,50,56,56,17,17,21,44,4,3,0.4,0.7
2026-03-06T1100,3697A,116.8399,40.3843,北京市,密云镇,,25,7,45,3,40,78,78,60,60,3,11,4,3,0.3,0.6
2026-03-06T1100,4057A,115.9423,40.4431,北京市,延庆百泉,,23,10,25,7,21,71,71,50,46,11,15,1,3,0.4,0.5
2026-03-06T1100,4058A,116.6598,39.9164,北京市,通州新华,,23,9,62,6,51,72,72,25,25,15,34,3,3,0.3,0.7
2026-03-06T1100,4182A,116.1942,39.9158,北京市,石景山八角,,18,16,52,11,41,56,56,23,23,14,31,3,3,0.4,0.7
2026-03-06T1100,4194A,117.078628,40.151726,北京市,平谷新城,,24,6,58,3,53,75,75,43,43,11,19,3,3,0.2,0.6
2026-03-06T1100,1761A,123.8274146,41.31234549,本溪市,大峪,,40,40,42,26,34,74,74,50,50,14,20,11,10,0.7,0.7
2026-03-06T1100,1763A,123.7169,41.3094,本溪市,彩屯,,43,39,41,30,31,73,73,54,54,15,18,9,8,0.7,0.7
2026-03-06T1100,1764A,123.7672166,41.28649327,本溪市,东明,,43,43,47,27,30,69,69,50,50,14,20,10,9,0.7,0.8
2026-03-06T1100,1765A,123.799345,41.266614,本溪市,新立屯,,41,41,39,25,31,64,64,46,46,7,12,7,7,0.7,0.7
2026-03-06T1100,1766A,123.829144,41.336777,本溪市,威宁,,48,48,35,23,29,76,76,51,51,9,20,8,5,0.5,0.6
2026-03-06T1100,2587A,105.287,27.3133,毕节市,八中,细颗粒物(PM2.5),62,51,40,41,31,35,35,31,31,16,11,15,10,0.8,0.8
2026-03-06T1100,2588A,105.3079,27.2987,毕节市,师专,细颗粒物(PM2.5),64,50,41,42,30,35,35,33,33,15,11,16,9,0.6,0.6
2026-03-06T1100,4263A,105.3688,27.3598,毕节市,工业大道,NA,NA,54,41,30,28,43,43,40,40,10,12,NA,10,/,/
2026-03-06T1100,1629A,117.9961,37.3604,滨州市,第二水厂,细颗粒物(PM2.5),82,61,47,51,39,73,73,73,72,16,13,8,8,0.4,0.4
2026-03-06T1100,1630A,117.9789,37.3931,滨州市,北中新校,细颗粒物(PM2.5),80,85,55,50,40,71,71,75,69,13,17,8,8,0.4,0.6
2026-03-06T1100,3514A,117.9379,37.3959,滨州市,中海酒店,细颗粒物(PM2.5),80,63,51,50,40,76,76,72,70,16,19,7,6,0.6,0.7
2026-03-06T1100,3515A,117.9381509,37.35547456,滨州市,开发区一中,细颗粒物(PM2.5),80,61,53,50,40,74,74,74,73,9,11,10,10,0.8,0.7
2026-03-06T1100,3516A,118.0914,37.6938,滨州市,金海六路,细颗粒物(PM2.5),94,63,43,57,33,74,74,66,62,13,14,5,11,0.9,0.7
2026-03-06T1100,4028A,117.9955,37.3752,滨州市,滨州市西街道办事处,细颗粒物(PM2.5),102,NA,50,62,40,74,74,76,73,9,10,12,11,0.5,0.5
2026-03-06T1100,2311A,115.8071,33.8399,亳州市,污水处理厂,细颗粒物(PM2.5),101,77,64,61,49,57,57,44,44,11,15,3,3,0.4,0.3
2026-03-06T1100,2312A,115.7789,33.8519,亳州市,三国揽胜宫,细颗粒物(PM2.5),101,88,75,61,54,52,52,42,42,10,12,4,4,0.5,0.4
2026-03-06T1100,3332A,115.7631,33.803,亳州市,亳州学院,细颗粒物(PM2.5),90,85,73,55,47,55,55,44,43,11,12,3,3,0.5,0.5
2026-03-06T1100,2693A,82.0482,44.8553,博尔塔拉蒙古自治州,市党校,颗粒物(PM10),63,67,56,23,23,56,56,81,68,20,18,2,4,0.6,0.5
2026-03-06T1100,2694A,82.0805,44.8966,博尔塔拉蒙古自治州,市环保局,,46,45,43,32,27,47,47,83,66,37,21,1,4,0.7,0.6
2026-03-06T1100,1071A,116.8733,38.2922,沧州市,沧县城建局,细颗粒物(PM2.5),74,74,66,47,55,60,60,28,28,12,21,3,2,0.5,0.5
2026-03-06T1100,1072A,116.8462,38.3189,沧州市,电视转播站,细颗粒物(PM2.5),103,69,59,63,56,59,59,24,24,19,26,1,2,0.6,0.6
2026-03-06T1100,1073A,116.8588,38.3161,沧州市,市环保局,细颗粒物(PM2.5),70,58,67,45,54,55,55,26,26,14,23,2,3,0.6,0.5
2026-03-06T1100,3324A,116.8011,38.294,沧州市,河北水利电力学院,NA,NA,NA,56,NA,56,53,53,25,25,14,23,NA,3,NA,0.5
2026-03-06T1100,2622A,97.1813,31.1289,昌都市,昌都监测站,,42,42,40,6,19,43,43,36,36,16,19,4,4,0.8,0.8
2026-03-06T1100,3719A,97.1707,31.1428,昌都市,昌都会议中心,NA,NA,24,30,11,14,NA,NA,43,41,6,9,6,5,0.5,0.5
2026-03-06T1100,2692A,87.2722,44.0298,昌吉回族自治州,新区政务中心,细颗粒物(PM2.5),126,NA,65,88,65,79,79,92,91,44,24,5,6,1.0,0.7
2026-03-06T1100,3613A,87.3069,44.0093,昌吉回族自治州,亚心广场,细颗粒物(PM2.5),108,100,84,68,62,94,94,103,103,36,19,10,10,1.0,0.7
2026-03-06T1100,4164A,87.2057,43.9289,昌吉回族自治州,财政所,细颗粒物(PM2.5),121,139,86,83,59,74,74,99,94,21,15,6,6,1.4,0.7
2026-03-06T1100,1120A,125.2874,43.9024,长春市,客车厂,,28,24,36,19,30,74,74,63,63,9,18,7,8,0.3,0.4
2026-03-06T1100,1121A,125.2943,43.8508,长春市,邮电学院,,29,26,36,20,30,72,72,60,60,9,15,8,9,0.4,0.4
2026-03-06T1100,1122A,125.3648,43.8745,长春市,劳动公园,,33,33,47,18,31,74,74,59,59,10,19,7,8,0.6,0.5
2026-03-06T1100,1123A,125.3233,43.8781,长春市,园林处,,33,33,38,20,33,71,71,57,57,12,18,8,8,0.3,0.4
2026-03-06T1100,1124A,125.4604,43.7904,长春市,净月潭,,28,22,34,19,28,80,80,63,63,8,13,7,7,0.3,0.4
2026-03-06T1100,1126A,125.38,43.8422,长春市,经开区环卫处,,43,43,41,20,31,78,78,65,65,10,17,7,7,0.4,0.5
2026-03-06T1100,1127A,125.234,43.7761,长春市,高新区管委会,,26,26,34,18,26,72,72,57,57,12,20,9,9,0.5,0.5
2026-03-06T1100,1128A,125.1695,43.83,长春市,岱山公园,NA,NA,32,39,20,31,NA,NA,50,50,NA,28,NA,7,0.6,0.8
2026-03-06T1100,4281A,125.334645,43.916281,长春市,北亚泰大街1068号,,34,34,41,23,33,69,69,52,52,12,22,8,9,0.4,0.5
2026-03-06T1100,1335A,113.082,28.2421,长沙市,经开区环保局,细颗粒物(PM2.5),100,82,62,60,46,30,30,28,22,36,24,4,4,0.8,0.6
2026-03-06T1100,1336A,112.8873,28.2202,长沙市,高开区环保局,细颗粒物(PM2.5),128,NA,66,90,69,40,40,36,30,15,15,6,6,0.9,0.8
2026-03-06T1100,1337A,113.0785,28.2012,长沙市,马坡岭,细颗粒物(PM2.5),94,78,69,57,57,51,51,21,20,15,22,6,5,0.8,0.8
2026-03-06T1100,1338A,112.9448,28.1894,长沙市,湖南师范大学,细颗粒物(PM2.5),121,91,75,83,56,46,46,44,37,28,18,5,4,1.0,0.8
2026-03-06T1100,1339A,113.0177,28.1322,长沙市,雨花区环保局,颗粒物(PM10),70,77,64,44,41,44,44,32,26,39,33,4,4,1.0,0.9
2026-03-06T1100,1340A,112.9795,28.2593,长沙市,伍家岭,细颗粒物(PM2.5),119,91,73,80,61,45,45,30,26,18,18,5,5,0.9,0.8
2026-03-06T1100,1341A,113.002,28.1944,长沙市,火车新站,细颗粒物(PM2.5),104,85,68,64,54,54,54,43,38,24,19,3,3,0.9,0.8
2026-03-06T1100,1342A,112.9846,28.1177,长沙市,天心区环保局,细颗粒物(PM2.5),109,82,66,69,61,51,51,40,33,26,21,7,6,0.7,0.6
2026-03-06T1100,1343A,112.8906,28.1307,长沙市,湖南中医药大学,细颗粒物(PM2.5),112,76,70,73,56,57,57,34,32,15,18,7,6,0.9,0.8
2026-03-06T1100,1727A,113.1146,36.1547,长治市,清华站,颗粒物(PM10),53,53,49,33,27,56,56,39,36,14,14,7,7,0.9,0.7
2026-03-06T1100,1730A,113.0887,36.2126,长治市,审计局,细颗粒物(PM2.5),64,53,49,42,33,51,51,36,34,11,12,6,8,1.0,0.7
2026-03-06T1100,1731A,113.0845,36.1856,长治市,长治八中,细颗粒物(PM2.5),76,72,61,48,32,44,44,37,32,14,11,8,10,1.1,0.7
2026-03-06T1100,2845A,113.1561,36.1912,长治市,德盛苑,细颗粒物(PM2.5),84,NA,48,52,31,52,52,44,37,14,13,6,8,1.0,0.7
2026-03-06T1100,3568A,113.0603,36.0464,长治市,向阳小学,颗粒物(PM10),79,90,74,46,32,54,54,36,36,18,17,11,11,2.2,1.1
2026-03-06T1100,3569A,112.8788,36.315,长治市,屯留一中,细颗粒物(PM2.5),105,76,62,65,33,44,44,28,19,24,23,10,8,1.5,0.8
2026-03-06T1100,4189A,113.113092,36.199482,长治市,英华南巷50号,NA,NA,60,55,45,32,NA,NA,37,31,13,14,5,7,1.3,0.8
2026-03-06T1100,4190A,113.23666,36.33435,长治市,学府街1号,细颗粒物(PM2.5),76,62,61,48,36,55,55,33,33,15,16,3,5,1.0,0.9
2026-03-06T1100,1854A,111.696,28.9725,常德市,市二中,细颗粒物(PM2.5),80,54,65,50,45,27,27,10,10,15,17,6,6,1.1,1.1
2026-03-06T1100,3138A,111.7152,29.0288,常德市,武陵区永安,细颗粒物(PM2.5),80,62,70,50,52,31,31,16,16,21,23,6,5,1.0,1
2026-03-06T1100,3139A,111.6891,28.9881,常德市,鼎城区玉霞,细颗粒物(PM2.5),72,48,65,46,42,22,22,7,7,18,24,6,6,1.0,1
2026-03-06T1100,3140A,111.6651,29.0526,常德市,武陵区长庚,细颗粒物(PM2.5),90,66,68,55,54,31,31,12,12,20,24,7,6,1.1,1.1
2026-03-06T1100,1196A,119.9524,31.7586,常州市,市监测站,颗粒物(PM10),54,55,72,34,37,70,70,63,63,22,26,7,6,0.7,0.6
2026-03-06T1100,1200A,119.9351,31.703,常州市,武进监测站,,45,NA,18,31,41,68,68,62,62,21,23,7,7,0.4,0.3
2026-03-06T1100,3002A,119.9701,31.813,常州市,行政中心,颗粒物(PM10),58,60,67,37,38,68,68,56,56,20,28,6,6,0.5,0.3
2026-03-06T1100,3003A,120.0434,31.7726,常州市,经开区,颗粒物(PM10),60,63,85,37,39,77,77,58,58,15,31,7,10,0.7,0.6
2026-03-06T1100,3010A,119.8919,31.7892,常州市,钟楼,细颗粒物(PM2.5),58,56,70,39,40,71,71,54,54,26,28,8,7,0.5,0.3
2026-03-06T1100,3429A,119.8595,31.706,常州市,武进经发区,NA,NA,NA,68,NA,44,NA,NA,40,40,21,28,NA,7,0.9,0.8
2026-03-06T1100,3430A,119.5812,31.7256,常州市,金坛城区,,49,48,64,34,46,84,84,61,61,9,17,7,7,0.8,0.7
2026-03-06T1100,4089A,119.9551,31.863,常州市,崇义南街5-H号,细颗粒物(PM2.5),52,50,57,36,36,67,67,56,56,14,14,6,6,0.6,0.5
2026-03-06T1100,2220A,120.4318,41.588,朝阳市,西梁,,24,21,28,9,15,74,74,55,55,8,13,6,7,0.3,0.4
2026-03-06T1100,2221A,120.452,41.565,朝阳市,河畔小区,,27,23,24,3,14,84,84,66,66,7,12,7,8,0.4,0.5
2026-03-06T1100,2222A,120.4176,41.5648,朝阳市,八里堡,NA,NA,19,25,3,17,83,83,68,68,8,12,8,11,NA,0.6
2026-03-06T1100,3026A,116.6179,23.6608,潮州市,市政府,,16,NA,15,11,11,48,48,35,35,3,3,8,8,0.5,0.5
2026-03-06T1100,4036A,116.646,23.676,潮州市,金山,,38,38,15,12,12,38,38,26,26,5,6,2,2,0.7,0.7
2026-03-06T1100,2473A,113.0116,25.8228,郴州市,市职中,,49,34,34,34,30,29,29,8,8,15,18,6,4,0.7,0.8
2026-03-06T1100,2475A,113.0381,25.8074,郴州市,市审计局,NA,NA,48,38,34,32,30,30,9,9,10,15,NA,5,/,/
2026-03-06T1100,2476A,113.0348,25.7757,郴州市,市环保局,细颗粒物(PM2.5),60,NA,38,40,38,42,42,20,20,15,22,10,6,0.5,0.7
2026-03-06T1100,4252A,113.0138,25.8011,郴州市,好美居路49号,,46,NA,34,32,30,35,35,14,14,15,19,7,4,/,/
2026-03-06T1100,1431A,103.9727,30.7242,成都市,金泉两河,颗粒物(PM10),76,86,64,47,36,20,20,24,17,37,25,11,4,0.7,0.5
2026-03-06T1100,1432A,104.1423,30.6765,成都市,十里店,颗粒物(PM10),67,73,68,40,35,21,21,28,20,37,24,5,6,0.6,0.5
2026-03-06T1100,1433A,104.0594,30.5765,成都市,三瓦窑,颗粒物(PM10),58,61,68,37,37,48,48,24,15,16,25,4,5,0.7,0.7
2026-03-06T1100,1434A,104.1122,30.6306,成都市,沙河铺,NA,NA,NA,65,NA,36,NA,NA,83,20,NA,30,NA,4,NA,0.7
2026-03-06T1100,2880A,104.0219,30.6561,成都市,大石西路,NA,NA,83,68,46,38,NA,NA,34,27,47,30,10,7,0.6,0.4
2026-03-06T1100,3136A,104.2724,30.559,成都市,龙泉驿区区政府,颗粒物(PM10),60,63,60,36,32,57,57,50,48,11,17,7,7,0.6,0.6
2026-03-06T1100,3357A,104.0028,30.6891,成都市,金博路,颗粒物(PM10),68,74,56,41,32,25,25,35,28,38,29,15,9,1.0,0.7
2026-03-06T1100,3359A,104.056,30.5228,成都市,华阳,颗粒物(PM10),63,68,69,34,36,42,42,41,33,27,25,4,5,0.8,0.7
2026-03-06T1100,3488A,104.387954,30.746684,成都市,青石路225号,细颗粒物(PM2.5),72,58,67,46,35,54,54,46,42,12,21,6,6,0.8,0.7
2026-03-06T1100,3489A,104.0788,30.4054,成都市,科学城,颗粒物(PM10),52,52,55,27,29,35,35,38,35,23,19,8,8,0.9,0.8
2026-03-06T1100,4011A,103.8505,30.6946,成都市,光华大道三段,颗粒物(PM10),72,80,65,44,33,11,11,30,22,41,29,6,4,0.8,0.6
2026-03-06T1100,4144A,104.3257,30.6406,成都市,八角井街185号,细颗粒物(PM2.5),72,71,69,46,31,49,49,55,49,17,20,5,5,0.7,0.6
2026-03-06T1100,4224A,104.2433276,30.53529463,成都市,鲸龙路1057号,NA,NA,71,64,38,32,NA,NA,41,30,11,21,6,6,0.9,0.8
2026-03-06T1100,1062A,117.9531,40.908,承德市,铁路,,25,13,45,8,29,77,77,65,64,11,14,5,2,0.3,0.4
2026-03-06T1100,1063A,117.9397,40.9763,承德市,中国银行,,25,8,40,3,29,78,78,54,54,5,9,6,2,0.3,0.4
2026-03-06T1100,4073A,117.9462,40.95,承德市,杏林街1号,,25,17,45,14,34,77,77,64,60,8,11,8,4,0.3,0.4
2026-03-06T1100,4274A,117.7994,40.9605,承德市,滨河大街98号,,27,6,29,3,28,86,86,72,72,5,8,8,4,0.2,0.4
2026-03-06T1100,2314A,117.4698,30.6617,池州市,池州学院,细颗粒物(PM2.5),86,67,66,53,41,48,48,25,25,23,29,6,6,0.9,0.8
2026-03-06T1100,3237A,117.4918,30.6617,池州市,展览馆,NA,NA,54,65,40,46,65,65,24,24,14,27,4,3,NA,0.7
2026-03-06T1100,3333A,117.5626,30.695,池州市,第八中学,细颗粒物(PM2.5),60,58,58,40,36,59,59,24,24,24,33,4,4,0.7,0.7
2026-03-06T1100,3334A,117.5037,30.6242,池州市,第十二中学,细颗粒物(PM2.5),56,56,55,38,40,70,70,35,35,19,29,4,4,0.8,0.8
2026-03-06T1100,1744A,118.9229,42.2816,赤峰市,松山一中,,30,30,29,3,23,60,60,34,34,13,22,4,4,0.7,0.8
2026-03-06T1100,1745A,118.9588,42.2733,赤峰市,哈达街,,26,26,36,12,20,68,68,43,43,13,16,9,10,0.6,0.7
2026-03-06T1100,1746A,118.8792,42.2551,赤峰市,天义路,,26,22,22,3,20,82,82,54,54,8,14,6,5,0.5,0.6
2026-03-06T1100,3058A,119.2656,42.0356,赤峰市,银河街,,26,22,29,7,17,83,83,73,73,9,9,19,11,0.6,0.6
2026-03-06T1100,3286A,118.9359,42.3146,赤峰市,桥北物流园区,NA,NA,NA,20,NA,22,86,86,NA,NA,NA,18,4,4,0.5,0.6
2026-03-06T1100,2521A,107.3473,22.4137,崇左市,市环保局江州分局,细颗粒物(PM2.5),72,70,78,46,59,81,81,33,33,14,20,8,7,1.0,1
2026-03-06T1100,4256A,107.375,22.3736,崇左市,石景林东路7号,细颗粒物(PM2.5),62,53,68,41,56,85,85,43,43,12,23,8,7,1.0,1.1
2026-03-06T1100,3207A,118.31131,32.3033,滁州市,市政府原办公楼,细颗粒物(PM2.5),88,56,47,54,47,67,67,37,37,14,18,4,4,0.7,0.6
2026-03-06T1100,3331A,118.3268,32.2633,滁州市,图书馆,,50,50,47,34,33,74,74,45,45,13,15,7,7,0.5,0.4
2026-03-06T1100,4101A,118.3196,32.3335,滁州市,银山路666号,细颗粒物(PM2.5),64,51,43,42,36,69,69,26,26,14,21,5,5,0.7,0.6
2026-03-06T1100,4102A,118.3426,32.2979,滁州市,黄山路555号,细颗粒物(PM2.5),66,65,60,43,40,76,76,35,35,14,19,9,6,0.7,0.6
2026-03-06T1100,2606A,101.5379,25.0492,楚雄彝族自治州,市经济开发区,细颗粒物(PM2.5),103,74,74,63,53,NA,NA,64,42,8,14,3,3,1.1,1
2026-03-06T1100,4153A,101.5536,25.0343,楚雄彝族自治州,团结路562号,细颗粒物(PM2.5),74,53,62,47,49,97,97,91,80,4,8,6,6,0.6,0.6
2026-03-06T1100,2549A,107.5087,31.2186,达州市,市环境监测站,NA,NA,62,43,34,22,20,20,16,16,NA,27,6,18,0.5,0.3
2026-03-06T1100,2550A,107.4988,31.2132,达州市,凤凰小区,颗粒物(PM10),55,56,41,28,23,27,27,17,17,35,29,6,5,0.5,0.4
2026-03-06T1100,2551A,107.5081,31.1987,达州市,达县机关宾馆,颗粒物(PM10),58,61,45,32,24,24,24,7,7,42,39,5,4,0.8,0.6
2026-03-06T1100,2552A,107.4644,31.2124,达州市,市政中心,,44,44,49,26,22,32,32,13,13,31,30,6,5,0.6,0.5
2026-03-06T1100,2614A,100.2168,25.5818,大理白族自治州,大理市环境监测站,细颗粒物(PM2.5),96,69,64,58,52,116,116,129,121,12,9,8,7,0.7,0.7
2026-03-06T1100,2615A,100.1542,25.7055,大理白族自治州,大理古城,细颗粒物(PM2.5),92,82,64,56,45,122,122,105,102,12,11,9,8,0.8,0.7
2026-03-06T1100,1109A,121.6119,38.974,大连市,甘井子,,28,10,44,8,35,88,88,80,80,6,18,8,8,0.3,0.5
2026-03-06T1100,1110A,121.565,38.9509,大连市,周水子,,30,30,51,8,31,84,84,77,76,8,16,6,9,0.3,0.5
2026-03-06T1100,1111A,121.5637,38.8849,大连市,星海三站,,24,23,42,7,29,75,75,66,66,6,13,6,5,0.4,0.6
2026-03-06T1100,1112A,121.6301,38.9117,大连市,青泥洼桥,,27,14,41,8,32,85,85,76,76,6,15,4,4,0.4,0.6
2026-03-06T1100,1113A,121.6248,38.8643,大连市,傅家庄,,24,13,36,7,27,74,74,67,67,9,15,3,4,0.1,0.4
2026-03-06T1100,1114A,121.5117,38.8636,大连市,七贤岭,,27,27,42,8,28,85,85,78,78,7,14,6,6,0.4,0.6
2026-03-06T1100,1116A,121.7507,39.1339,大连市,金州,,26,21,48,11,35,83,83,74,74,7,16,4,3,0.3,0.6
2026-03-06T1100,1117A,121.7811,39.0495,大连市,开发区,NA,NA,28,48,10,31,NA,NA,72,71,9,18,2,2,0.4,0.5
2026-03-06T1100,1118A,121.9762,39.0631,大连市,双D港,,29,22,47,8,33,90,90,78,78,11,18,6,6,0.3,0.5
2026-03-06T1100,4082A,121.2548,38.8188,大连市,旅顺,,26,26,37,10,27,78,78,74,73,7,12,6,6,0.5,0.6
2026-03-06T1100,1789A,124.8085,46.0381,大庆市,大同区,,30,30,37,16,24,76,76,46,46,6,20,11,10,0.5,0.6
2026-03-06T1100,1790A,125.1166,46.5255,大庆市,龙凤区,颗粒物(PM10),55,57,38,36,26,51,51,30,27,26,33,6,4,0.4,0.4
2026-03-06T1100,1791A,124.8894,46.4007,大庆市,红岗区,NA,NA,28,29,16,20,NA,NA,50,49,17,22,12,7,0.4,0.5
2026-03-06T1100,1792A,125.1391,46.578,大庆市,萨尔图区,,46,46,36,27,20,47,47,34,32,35,31,15,5,0.5,0.6
2026-03-06T1100,1793A,124.9026,46.6217,大庆市,让胡路区,,29,27,26,20,19,65,65,50,49,13,20,6,5,0.4,0.6
2026-03-06T1100,3481A,125.127,46.6277,大庆市,萨区政府监测点,,49,48,37,34,20,54,54,35,35,30,33,10,8,0.8,0.8
2026-03-06T1100,1723A,113.2926,40.0759,大同市,云冈宾馆,,37,37,26,8,11,58,58,44,40,16,12,16,8,0.7,0.6
2026-03-06T1100,1724A,113.3437,40.0921,大同市,大同大学,NA,NA,30,35,NA,14,75,75,53,53,11,12,9,6,0.8,0.6
2026-03-06T1100,1725A,113.2637,40.129,大同市,安家小村,颗粒物(PM10),54,55,39,10,12,66,66,41,36,12,14,17,9,0.5,0.5
2026-03-06T1100,3282A,113.3399,40.0586,大同市,大同市卫生学校,,25,25,35,9,10,69,69,54,52,13,9,11,7,0.8,0.6
2026-03-06T1100,3565A,113.1371,40.1122,大同市,云冈站,,49,49,34,27,13,66,66,29,29,14,17,15,11,0.7,0.6
2026-03-06T1100,3566A,113.1186,40.2556,大同市,图书馆,,43,43,35,9,11,76,76,42,42,6,7,6,4,0.6,0.7
2026-03-06T1100,3567A,113.5931,40.0459,大同市,区一中,,42,42,35,3,12,76,76,54,54,11,7,12,7,0.5,0.5
2026-03-06T1100,4199A,113.2798248,40.09972476,大同市,魏都大道141号,,46,46,45,3,12,67,67,43,39,14,13,18,9,0.6,0.5
2026-03-06T1100,2269A,124.1068,50.4091,大兴安岭地区,科技局,,25,10,21,3,11,77,77,74,74,4,6,6,6,0.2,0.3
2026-03-06T1100,3663A,124.117,50.4279,大兴安岭地区,红旗社区,,25,12,21,7,19,80,80,60,60,5,22,7,9,0.3,0.4
2026-03-06T1100,1600A,124.33,40.0625,丹东市,江湾东路,,45,36,40,31,33,82,82,70,70,12,16,7,7,0.4,0.6
2026-03-06T1100,1601A,124.4242,40.1513,丹东市,临江后街,,35,32,39,24,34,82,82,70,70,14,17,8,8,0.4,0.6
2026-03-06T1100,1602A,124.3935,40.1461,丹东市,元宝山,,35,31,37,24,31,81,81,65,65,11,16,5,5,0.4,0.6
2026-03-06T1100,1603A,124.3634,40.1093,丹东市,民主桥,,42,40,42,29,33,78,78,63,63,14,17,5,5,0.4,0.5
2026-03-06T1100,3541A,109.5726195,19.51688767,儋州市,第一中学子站,,26,26,22,17,13,75,75,75,73,5,5,6,6,0.6,0.6
2026-03-06T1100,3542A,109.5567,19.5187,儋州市,东坡学校子站,NA,NA,36,20,20,15,NA,NA,80,77,6,5,3,4,0.7,0.7
2026-03-06T1100,2616A,98.5611,24.4273,德宏傣族景颇族自治州,德宏州监测站,细颗粒物(PM2.5),130,117,104,93,89,33,33,25,19,40,33,8,8,1.0,0.9
2026-03-06T1100,3677A,98.5887,24.4366,德宏傣族景颇族自治州,芒市人民政府综合楼,细颗粒物(PM2.5),142,138,124,106,83,32,32,56,44,43,18,6,5,1.2,0.9
2026-03-06T1100,1901A,104.424,31.1209,德阳市,东山公园,细颗粒物(PM2.5),90,68,70,55,38,27,27,51,44,22,20,3,4,0.7,0.6
2026-03-06T1100,1902A,104.3827,31.1318,德阳市,西小区,细颗粒物(PM2.5),98,103,84,59,39,29,29,42,32,25,26,4,3,0.8,0.7
2026-03-06T1100,1904A,104.3553,31.1091,德阳市,耐火材料厂,"颗粒物(PM10),细颗粒物(PM2.5)",78,88,79,49,40,29,29,38,30,35,29,4,2,0.9,0.7
2026-03-06T1100,4145A,104.4144,31.1495,德阳市,市林业局,细颗粒物(PM2.5),96,93,75,58,38,29,29,40,33,18,23,5,5,0.8,0.7
2026-03-06T1100,1622A,116.3034,37.4675,德州市,儿童乐园,NA,NA,NA,50,NA,41,62,62,49,45,NA,18,NA,9,0.7,0.7
2026-03-06T1100,1624A,116.2992,37.4449,德州市,监理站,细颗粒物(PM2.5),88,73,52,54,41,66,66,54,53,16,18,3,4,0.9,0.8
2026-03-06T1100,3066A,116.2722,37.438,德州市,九衢泉纯净水厂,细颗粒物(PM2.5),88,61,47,54,41,68,68,57,54,17,18,4,4,0.9,0.8
2026-03-06T1100,3371A,116.3693,37.44,德州市,开发区人民医院,细颗粒物(PM2.5),90,73,56,55,45,65,65,56,52,15,17,11,9,0.7,0.7
2026-03-06T1100,3511A,116.5687,37.3331,德州市,陵城艺术中心,细颗粒物(PM2.5),82,66,45,51,40,63,63,61,61,12,12,2,4,0.7,0.8
2026-03-06T1100,4292A,116.352738,37.420875,德州市,新河东路,细颗粒物(PM2.5),70,70,49,45,36,62,62,54,52,17,17,11,9,0.7,0.6
2026-03-06T1100,2621A,99.7054,27.8319,迪庆藏族自治州,迪庆州站,,49,47,34,34,18,85,85,76,69,17,10,6,6,0.8,0.5
2026-03-06T1100,3180A,99.7122,27.8129,迪庆藏族自治州,质量技术监督局,颗粒物(PM10),52,52,30,24,15,89,89,84,73,18,10,6,5,0.8,0.6
2026-03-06T1100,4257A,104.6092,35.5962,定西市,将台街,颗粒物(PM10),70,77,71,18,26,73,73,38,34,9,14,10,10,0.4,0.5
2026-03-06T1100,4309A,104.6159,35.5701,定西市,正龙路62号,颗粒物(PM10),84,97,77,37,25,61,61,41,38,13,6,8,6,0.9,0.9
2026-03-06T1100,4071A,114.9883,38.5232,定州市,交通局,细颗粒物(PM2.5),96,74,65,58,53,50,50,30,30,18,27,9,8,1.0,0.8
2026-03-06T1100,4072A,115.0045,38.5136,定州市,第五中学,细颗粒物(PM2.5),98,94,78,59,52,43,43,25,25,15,26,6,6,0.8,0.7
2026-03-06T1100,1390A,113.7943,23.0132,东莞市,东城石井,,27,24,17,16,12,84,84,65,65,14,13,6,5,0.6,0.7
2026-03-06T1100,1391A,113.7384,22.9659,东莞市,南城西平,,26,18,16,12,10,83,83,57,57,10,17,7,7,0.7,0.7
2026-03-06T1100,3319A,113.7283,23.041,东莞市,万江金泰,,24,18,17,14,14,75,75,62,62,7,10,5,5,0.6,0.7
2026-03-06T1100,4129A,113.8666,23.1062,东莞市,裕兴路,,23,18,16,14,10,73,73,64,64,9,9,8,6,0.7,0.7
2026-03-06T1100,4130A,114.0076,22.9739,东莞市,教育路1号,,26,26,21,18,12,74,74,59,59,10,12,5,5,0.6,0.6
2026-03-06T1100,4131A,113.7981,22.8124,东莞市,长怡路1号,,25,24,23,14,12,77,77,61,61,11,14,5,6,0.6,0.7
2026-03-06T1100,1666A,118.6612,37.4313,东营市,市环保局,细颗粒物(PM2.5),80,56,46,50,40,73,73,75,71,14,15,6,6,0.6,0.6
2026-03-06T1100,3036A,118.6903,37.4337,东营市,开发区管委会,细颗粒物(PM2.5),84,54,50,52,40,79,79,80,77,16,18,6,6,0.7,0.6
2026-03-06T1100,3365A,118.5721,37.5654,东营市,垦利区民丰路,细颗粒物(PM2.5),92,58,44,56,36,75,75,80,77,20,17,9,8,0.8,0.7
2026-03-06T1100,3498A,118.5063,37.8606,东营市,河口城区,细颗粒物(PM2.5),96,61,45,58,33,71,71,81,74,12,11,4,4,1.0,0.9
2026-03-06T1100,3646A,118.4979,37.4623,东营市,胜利站,细颗粒物(PM2.5),74,64,52,47,34,69,69,72,68,16,18,6,6,0.8,0.7
2026-03-06T1100,3734A,118.5753,37.4405,东营市,理想之城,细颗粒物(PM2.5),82,66,56,51,39,80,80,78,75,10,13,4,3,0.9,0.8
2026-03-06T1100,1591A,110.0024,39.8127,鄂尔多斯市,综合楼,,48,48,44,14,12,65,65,67,66,18,15,6,7,0.3,0.3
2026-03-06T1100,1592A,109.9485,39.8259,鄂尔多斯市,巴音孟克林场办事处,,39,39,42,7,10,67,67,64,63,17,15,6,5,0.5,0.5
2026-03-06T1100,1593A,109.7734,39.5987,鄂尔多斯市,康泽苑,,36,36,32,3,11,74,74,47,47,13,11,8,5,0.4,0.3
2026-03-06T1100,1594A,109.8121,39.5987,鄂尔多斯市,华泰汽车城,,36,36,35,6,10,74,74,37,37,13,14,10,8,0.3,0.2
2026-03-06T1100,1595A,109.9734,39.7884,鄂尔多斯市,奥林花园,,34,34,44,6,14,70,70,59,56,17,17,4,5,0.3,0.3
2026-03-06T1100,2436A,114.894,30.3989,鄂州市,市政府,细颗粒物(PM2.5),56,53,48,38,35,55,55,26,26,18,27,9,11,0.6,0.7
2026-03-06T1100,2437A,114.8986,30.3714,鄂州市,赵家坝,细颗粒物(PM2.5),66,54,50,43,36,58,58,30,30,17,18,9,9,0.7,0.8
2026-03-06T1100,3654A,114.8093,30.4091,鄂州市,精准医疗中心,细颗粒物(PM2.5),76,68,51,48,36,47,47,29,25,28,22,8,12,1.0,0.7
2026-03-06T1100,2454A,109.4978,30.2979,恩施土家族苗族自治州,湖北民院,,50,35,36,35,28,11,11,4,4,15,16,6,6,0.7,0.6
2026-03-06T1100,3549A,109.5061,30.3771,恩施土家族苗族自治州,龙凤新区,,40,28,32,28,23,7,7,2,2,18,11,7,7,0.5,0.5
2026-03-06T1100,2499A,108.3411,21.6159,防城港市,沙万,细颗粒物(PM2.5),58,46,53,39,42,57,57,71,58,15,17,7,7,0.6,0.8
2026-03-06T1100,2500A,108.3515,21.7733,防城港市,防城档案局,颗粒物(PM10),52,52,59,32,42,63,63,64,57,11,15,7,6,0.7,0.9
2026-03-06T1100,2501A,108.3506,21.6414,防城港市,大海花园,细颗粒物(PM2.5),56,42,43,38,39,63,63,80,66,13,13,8,8,0.8,0.8
2026-03-06T1100,1371A,113.1293,23.0065,佛山市,湾梁,,26,22,22,18,17,74,74,38,38,12,16,/,/,/,/
2026-03-06T1100,1372A,113.1082,23.0477,佛山市,华材职中,,34,34,27,18,19,67,67,31,31,13,19,7,6,0.6,0.6
2026-03-06T1100,1373A,113.1439,23.045,佛山市,南海气象局,,35,35,24,18,17,72,72,37,37,17,19,/,/,/,/
2026-03-06T1100,1374A,113.2879,22.8094,佛山市,顺德苏岗,,23,NA,16,15,16,72,72,50,50,14,18,/,/,0.7,0.7
2026-03-06T1100,1376A,112.8384,22.8678,佛山市,高明孔堂,,35,34,26,24,19,62,62,36,36,12,13,/,/,/,/
2026-03-06T1100,1377A,112.8835,23.1584,佛山市,三水监测站,NA,NA,NA,20,22,17,NA,NA,32,32,10,15,NA,4,0.6,0.6
2026-03-06T1100,1378A,112.8668,23.185,佛山市,三水云东海,,29,22,22,20,15,67,67,31,31,10,13,/,/,/,/
2026-03-06T1100,3625A,113.2568,22.7629,佛山市,容桂街道办,,23,NA,19,16,16,64,64,41,41,20,23,/,/,/,/
2026-03-06T1100,1282A,119.2681,26.0506,福州市,师大,,13,13,16,6,5,34,34,34,32,22,13,3,3,0.4,0.4
2026-03-06T1100,1283A,119.2983,26.1028,福州市,五四北路,,21,21,19,12,9,28,28,7,7,24,23,4,4,0.4,0.5
2026-03-06T1100,1284A,119.2648,26.0769,福州市,杨桥西路,,17,17,13,3,3,34,34,39,35,23,12,3,3,/,/
2026-03-06T1100,3048A,119.5799,26.0937,福州市,九龙,,20,20,18,12,6,52,52,39,39,11,18,4,4,0.4,0.4
2026-03-06T1100,3526A,119.5188,25.9666,福州市,吴航,,17,14,16,8,11,52,52,28,28,13,26,4,4,0.5,0.5
2026-03-06T1100,4104A,119.3106,26.0648,福州市,路通桥巷6号,,14,14,17,8,10,37,37,24,22,16,14,/,/,/,/
2026-03-06T1100,1755A,123.7974,41.8494,抚顺市,望花区,,26,26,43,11,25,81,81,60,60,8,13,7,10,0.5,0.6
2026-03-06T1100,1756A,123.9161,41.8827,抚顺市,顺城区,,26,26,39,11,27,78,78,56,56,10,16,8,9,0.5,0.5
2026-03-06T1100,1757A,124.0437,41.8615,抚顺市,东洲区,,36,36,45,15,29,72,72,56,56,10,15,8,9,0.4,0.5
2026-03-06T1100,1758A,123.9246,41.8638,抚顺市,新抚区,,30,30,47,13,29,84,84,58,58,11,17,9,9,0.4,0.7
2026-03-06T1100,1759A,124.0972,41.8961,抚顺市,大伙房水库,,33,33,42,17,28,77,77,61,61,10,14,11,10,0.5,0.6
2026-03-06T1100,1760A,123.708,41.8386,抚顺市,沈抚新城,,28,28,42,11,24,79,79,56,56,8,16,6,7,0.6,0.7
2026-03-06T1100,2377A,116.3544,27.9833,抚州市,市站,细颗粒物(PM2.5),66,43,54,43,48,73,73,50,50,4,8,7,6,0.9,1.1
2026-03-06T1100,2378A,116.3562,27.9631,抚州市,血防站,,49,40,52,34,44,72,72,48,48,1,6,6,7,0.8,0.9
2026-03-06T1100,2379A,116.3561,28.0007,抚州市,采茶剧团,细颗粒物(PM2.5),56,41,52,38,45,70,70,48,48,4,7,13,13,1.2,1.3
2026-03-06T1100,2380A,116.3854,27.9648,抚州市,医学分院,细颗粒物(PM2.5),54,50,59,37,40,70,70,54,54,7,9,5,6,1.0,1.1
2026-03-06T1100,2207A,121.6095,41.9978,阜新市,工业园区,,27,27,24,8,10,80,80,68,67,6,8,9,9,0.3,0.3
2026-03-06T1100,2208A,121.6567,42.0188,阜新市,长青街,,25,15,16,7,10,79,79,69,69,6,7,7,7,0.3,0.4
2026-03-06T1100,2209A,121.6672,42.07,阜新市,农业园区,,24,24,20,7,10,74,74,65,65,7,9,3,3,0.5,0.6
2026-03-06T1100,2211A,121.6343,42.0455,阜新市,玉龙新城,,25,24,22,9,11,79,79,55,55,6,13,4,5,0.4,0.4
2026-03-06T1100,2301A,115.8276,32.8929,阜阳市,市监测站,细颗粒物(PM2.5),121,118,82,83,58,20,20,19,18,26,30,5,5,0.9,0.6
2026-03-06T1100,2303A,115.8551,32.8606,阜阳市,开发区,细颗粒物(PM2.5),112,115,96,73,56,26,26,21,21,19,27,5,5,0.8,0.6
2026-03-06T1100,2875A,115.783962,32.889217,阜阳市,阜阳职业技术学院,细颗粒物(PM2.5),110,114,77,71,48,27,27,29,29,20,25,6,5,NA,0.5
2026-03-06T1100,3468A,115.79,32.8614,阜阳市,市规划展馆,细颗粒物(PM2.5),115,102,77,76,58,22,22,39,34,21,19,6,6,0.9,0.6
2026-03-06T1100,3469A,115.835101,32.918568,阜阳市,枣园社区,细颗粒物(PM2.5),120,118,82,82,56,27,27,23,23,20,26,7,7,1.0,0.6
2026-03-06T1100,2669A,102.9097,34.9841,甘南藏族自治州,州政府,细颗粒物(PM2.5),102,83,76,62,40,57,57,31,29,14,14,6,4,0.5,0.5
2026-03-06T1100,3380A,102.8915,34.9618,甘南藏族自治州,甘肃民族师范学院,颗粒物(PM10),72,80,86,38,33,64,64,36,36,20,23,6,4,0.5,0.4
2026-03-06T1100,2570A,101.96,30.048,甘孜藏族自治州,水桥子,,21,21,8,3,2,42,42,45,37,12,10,6,6,0.8,0.7
2026-03-06T1100,3065A,101.9534,29.9976,甘孜藏族自治州,州环保局,,19,13,6,3,3,58,58,51,46,7,10,5,6,0.5,0.6
2026-03-06T1100,2363A,114.9368,25.8663,赣州市,地委,细颗粒物(PM2.5),66,NA,36,43,30,75,75,54,54,9,11,3,2,0.8,0.8
2026-03-06T1100,2364A,114.946,25.8483,赣州市,气象台,细颗粒物(PM2.5),82,NA,42,51,33,78,78,58,58,14,14,6,6,0.4,0.5
2026-03-06T1100,2365A,114.932,25.8332,赣州市,市图书馆,细颗粒物(PM2.5),88,NA,34,54,32,73,73,55,55,9,11,4,4,0.5,0.5
2026-03-06T1100,2366A,114.8905,25.8472,赣州市,华坚鞋城,细颗粒物(PM2.5),60,46,37,40,30,76,76,54,54,10,11,6,5,0.4,0.4
2026-03-06T1100,3109A,115.0094,25.8614,赣州市,赣县区卫计委,NA,NA,NA,29,45,28,59,59,45,44,11,11,4,4,NA,1
2026-03-06T1100,2684A,106.2753,36.0057,固原市,监测站,颗粒物(PM10),70,78,81,28,26,73,73,72,72,10,14,8,9,0.5,0.5
2026-03-06T1100,2685A,106.2384,36.0189,固原市,新区,颗粒物(PM10),68,74,82,20,25,72,72,73,73,9,19,8,8,0.3,0.3
2026-03-06T1100,2544A,106.6307,30.4577,广安市,市委,细颗粒物(PM2.5),62,51,63,41,53,38,38,38,27,18,23,7,7,0.8,0.8
2026-03-06T1100,2545A,106.6266,30.4662,广安市,友谊中学,颗粒物(PM10),57,59,61,33,44,40,40,34,27,15,21,12,12,0.9,0.9
2026-03-06T1100,2547A,106.6386,30.4551,广安市,广电花园,细颗粒物(PM2.5),76,81,74,48,61,36,36,34,24,16,23,9,9,0.8,0.8
2026-03-06T1100,2902A,106.6347,30.4868,广安市,北辰小学,NA,NA,60,59,40,52,NA,NA,22,19,10,21,NA,4,0.7,0.8
2026-03-06T1100,2524A,105.8211,32.4444,广元市,老城,细颗粒物(PM2.5),80,55,57,50,29,59,59,27,27,22,32,20,10,1.4,0.9
2026-03-06T1100,2526A,105.8629,32.429,广元市,监测站,NA,NA,64,57,NA,26,NA,NA,43,38,27,19,12,8,NA,0.5
2026-03-06T1100,3617A,105.8047,32.4167,广元市,经开区,颗粒物(PM10),69,76,72,43,33,48,48,18,18,28,36,18,6,1.0,0.7
2026-03-06T1100,1345A,113.2346,23.1423,广州市,广雅中学,,36,32,27,25,20,69,69,35,35,15,22,3,2,0.4,0.3
2026-03-06T1100,1346A,113.2611,23.105,广州市,市五中,,28,24,23,19,17,84,84,49,49,12,18,6,6,/,/
2026-03-06T1100,1348A,113.3477,23.0916,广州市,广东商学院,,24,21,20,14,14,74,74,52,52,11,14,4,4,0.6,0.6
2026-03-06T1100,1349A,113.4332,23.105,广州市,市八十六中,,26,20,17,17,15,83,83,62,62,10,15,5,4,/,/
2026-03-06T1100,1350A,113.3506,22.9488,广州市,番禺中学,,25,24,31,17,17,75,75,54,54,10,13,2,2,0.4,0.5
2026-03-06T1100,1351A,113.2147,23.3918,广州市,花都师范,NA,NA,32,26,NA,24,68,68,38,38,9,12,7,6,0.8,0.8
2026-03-06T1100,1352A,113.2599,23.1329,广州市,市监测站,,32,31,27,22,19,76,76,40,40,12,19,1,1,/,/
2026-03-06T1100,1353A,113.5618,23.3119,广州市,九龙镇镇龙,,24,14,14,10,11,75,75,56,56,5,7,5,5,0.7,0.7
2026-03-06T1100,1354A,113.2764,23.1544,广州市,麓湖,,29,28,23,20,17,79,79,33,33,5,16,3,3,0.7,0.7
2026-03-06T1100,2846A,113.3209,23.1323,广州市,体育西,NA,NA,NA,23,NA,17,NA,NA,74,33,NA,19,NA,5,NA,0.8
2026-03-06T1100,3298A,113.5718,23.5493,广州市,从化街口,,23,21,19,14,15,73,73,59,59,6,8,8,8,0.6,0.6
2026-03-06T1100,3299A,113.3463,23.369,广州市,白云竹料,,26,19,20,15,16,81,81,52,52,6,10,3,3,0.6,0.7
2026-03-06T1100,3300A,113.2981,23.2365,广州市,白云嘉禾,,28,24,24,19,17,82,82,41,41,12,20,9,9,/,/
2026-03-06T1100,3301A,113.4256,23.1716,广州市,黄埔科学城,,27,19,18,17,15,84,84,64,64,5,7,6,5,0.6,0.6
2026-03-06T1100,3302A,113.3942,23.0485,广州市,番禺大学城,,26,18,19,13,12,83,83,59,59,15,18,2,2,0.5,0.5
2026-03-06T1100,3303A,113.4923,22.8169,广州市,南沙黄阁,NA,NA,25,24,21,13,78,78,49,49,NA,16,7,6,/,/
2026-03-06T1100,3304A,113.534,22.7893,广州市,南沙街,,24,24,23,14,14,72,72,52,52,7,10,6,7,0.6,0.6
2026-03-06T1100,3443A,113.2905,23.5541,广州市,花都梯面,,29,27,20,20,17,69,69,40,40,4,6,7,8,/,/
2026-03-06T1100,3445A,113.786,23.7479,广州市,从化良口,,22,15,15,12,13,69,69,65,65,4,5,4,4,/,/
2026-03-06T1100,3446A,113.805,23.2614,广州市,增城荔城,,25,16,15,12,12,77,77,66,66,8,10,7,6,0.6,0.7
2026-03-06T1100,2506A,109.604387,23.066791,贵港市,江南子站,,34,34,47,15,30,66,66,50,50,8,17,7,7,0.6,0.7
2026-03-06T1100,2508A,109.5669,23.1065,贵港市,荷城子站,,34,34,40,18,29,58,58,49,48,16,19,9,8,0.6,0.7
2026-03-06T1100,3405A,109.5886,23.1172,贵港市,新世纪学校,,39,39,43,26,34,62,62,46,46,16,20,/,/,0.8,0.9
2026-03-06T1100,4260A,109.5933,23.095,贵港市,中山路155-3号,,39,31,46,27,32,65,65,48,48,11,17,/,/,0.8,0.9
2026-03-06T1100,1439A,106.6863,26.6035,贵阳市,马鞍山,,41,41,45,26,35,24,24,34,30,22,14,6,5,/,/
2026-03-06T1100,1441A,106.6241,26.6266,贵阳市,鉴湖路,颗粒物(PM10),51,51,58,22,38,28,28,34,30,22,16,6,4,0.4,0.5
2026-03-06T1100,1442A,106.7468,26.6344,贵阳市,燕子冲,颗粒物(PM10),51,51,53,29,38,37,37,42,39,14,13,8,7,0.6,0.5
2026-03-06T1100,1443A,106.6556,26.4362,贵阳市,碧云窝,,48,39,52,33,36,29,29,34,32,17,16,8,10,/,/
2026-03-06T1100,1445A,106.6963,26.6063,贵阳市,红边门,颗粒物(PM10),53,53,56,29,36,24,24,38,32,25,16,10,9,/,/
2026-03-06T1100,1446A,106.7162383,26.56964667,贵阳市,新华路,颗粒物(PM10),56,58,62,30,37,28,28,38,35,24,16,5,7,0.6,0.5
2026-03-06T1100,1447A,106.6742,26.542,贵阳市,太慈桥,,43,39,47,30,39,25,25,33,29,25,18,6,5,/,/
2026-03-06T1100,4230A,106.688212,26.56952,贵阳市,花果园大街66号,,36,36,49,24,36,27,27,37,33,24,16,4,3,/,/
2026-03-06T1100,4231A,106.687268,26.516892,贵阳市,漓江路57号,NA,NA,NA,52,29,34,21,21,34,29,25,18,8,8,0.7,0.7
2026-03-06T1100,1864A,110.3091,25.2705,桂林市,龙隐路小学,,45,34,29,31,25,79,79,64,64,8,8,3,3,0.7,0.7
2026-03-06T1100,1865A,110.2849361,25.22909545,桂林市,八中,,34,34,29,15,13,65,65,51,51,12,14,3,3,0.6,0.6
2026-03-06T1100,3531A,110.296,25.1254,桂林市,旅游学院,,42,42,34,28,22,80,80,64,64,7,7,4,4,0.6,0.5
2026-03-06T1100,4222A,110.1835,25.2444,桂林市,环湖路276号,,33,27,30,23,22,74,74,67,67,8,7,3,3,0.6,0.6
2026-03-06T1100,4301A,110.2803,25.2773,桂林市,信义路13号,,35,26,29,24,23,74,74,62,62,11,10,3,4,0.7,0.7
2026-03-06T1100,2674A,100.2262,34.4854,果洛藏族自治州,玛沁县大武镇,颗粒物(PM10),60,64,44,39,18,69,69,52,51,14,4,30,21,0.8,0.4
2026-03-06T1100,1130A,126.5557,45.8109,哈尔滨市,松北商大,,38,35,41,26,40,78,78,55,55,10,20,8,11,0.5,0.6
2026-03-06T1100,1132A,126.6162,45.719,哈尔滨市,南岗学府路,,49,49,47,23,27,68,68,70,65,16,19,16,14,0.5,0.4
2026-03-06T1100,1133A,126.6894,45.7733,哈尔滨市,太平宏伟公园,,38,38,41,19,32,75,75,60,60,11,19,8,13,0.5,0.6
2026-03-06T1100,1134A,126.6361,45.7672,哈尔滨市,道外承德广场,,48,48,57,12,27,76,76,66,65,15,18,15,10,1.1,0.9
2026-03-06T1100,1136A,126.644,45.7261,哈尔滨市,动力和平路,颗粒物(PM10),56,58,41,31,29,74,74,66,63,20,18,25,15,1.0,1
2026-03-06T1100,1137A,126.5933,45.7479,哈尔滨市,道里建国路,,37,37,33,25,33,74,74,65,61,21,24,19,13,0.4,0.4
2026-03-06T1100,1138A,126.6127,45.6119,哈尔滨市,平房东轻厂,,36,NA,44,25,42,57,57,25,25,47,83,10,11,0.6,0.8
2026-03-06T1100,1139A,126.5875,45.9827,哈尔滨市,呼兰师专,,42,42,44,20,38,72,72,49,49,9,18,9,10,0.4,0.5
2026-03-06T1100,1140A,126.6299,45.6799,哈尔滨市,省农科院,NA,NA,40,43,30,29,72,72,61,61,16,20,NA,8,0.6,0.6
2026-03-06T1100,4282A,126.6769,45.7379,哈尔滨市,华山路1号,NA,NA,NA,34,NA,25,NA,NA,89,65,NA,19,NA,5,NA,0.5
2026-03-06T1100,4283A,126.9717,45.5356,哈尔滨市,解放大街52号,,38,38,45,21,33,76,76,53,53,16,24,14,11,0.9,1
2026-03-06T1100,2688A,93.5124,42.8176,哈密市,地区监测站,颗粒物(PM10),65,71,33,38,12,44,44,51,45,22,12,12,5,0.6,0.1
2026-03-06T1100,2689A,93.5014,42.8312,哈密市,哈密师范学校,颗粒物(PM10),58,61,33,23,13,46,46,39,37,24,21,14,8,1.2,0.6
2026-03-06T1100,2671A,100.9016,36.9464,海北藏族自治州,海晏县西海镇,颗粒物(PM10),60,63,42,36,19,78,78,60,60,13,8,13,8,0.5,0.4
2026-03-06T1100,3867A,102.074,36.5056,海东市,平安区公安局北苑,颗粒物(PM10),95,113,107,54,43,62,62,68,56,28,10,25,14,1.3,0.7
2026-03-06T1100,4163A,102.0984,36.5119,海东市,滨河路,颗粒物(PM10),98,116,116,47,41,64,64,38,36,25,27,31,20,1.3,0.7
2026-03-06T1100,1410A,110.3189,20.0596,海口市,海南大学,,23,18,24,11,15,73,73,92,76,5,7,5,5,0.5,0.6
2026-03-06T1100,1411A,110.2827,20.0051,海口市,秀英海南医院,,32,32,25,13,18,71,71,86,75,6,9,7,7,0.5,0.5
2026-03-06T1100,1412A,110.3391,19.9979,海口市,海南师范大学,,32,32,24,13,16,73,73,90,78,5,8,6,6,0.6,0.6
2026-03-06T1100,1413A,110.3303,20.0359,海口市,龙华路环保局宿舍,,29,29,23,12,16,75,75,93,79,8,10,/,/,0.4,0.5
2026-03-06T1100,3539A,110.5111,19.9737,海口市,桂林洋子站,,24,20,23,12,15,74,74,87,75,5,8,/,/,/,/
2026-03-06T1100,4134A,110.1952,20.0451,海口市,长滨二路9号,,23,22,19,14,16,72,72,88,76,4,7,/,/,/,/
2026-03-06T1100,2673A,100.6158,36.2985,海南藏族自治州,共和县恰卜恰镇,,31,31,48,7,20,84,84,56,48,3,10,12,9,0.3,0.3
2026-03-06T1100,2676A,97.373,37.376,海西蒙古族藏族自治州,德令哈市,,29,12,31,3,13,91,91,84,84,1,4,20,18,0.4,0.4
2026-03-06T1100,1049A,114.492,36.5712,邯郸市,矿院,颗粒物(PM10),55,57,62,34,49,54,54,42,42,11,22,3,3,0.7,0.8
2026-03-06T1100,1050A,114.4839,36.6136,邯郸市,丛台公园,细颗粒物(PM2.5),88,NA,70,54,67,48,48,37,37,7,15,3,3,0.6,0.8
2026-03-06T1100,3458A,114.7893,36.5592,邯郸市,香泉濮院小区,NA,NA,56,60,28,43,NA,NA,42,42,5,11,3,3,0.6,0.8
2026-03-06T1100,3580A,114.1998,36.4439,邯郸市,峰峰矿区临水派出所,细颗粒物(PM2.5),82,61,64,51,53,42,42,32,32,4,10,5,3,0.7,1
2026-03-06T1100,4068A,114.5209,36.7697,邯郸市,建安街268号,细颗粒物(PM2.5),76,59,63,48,58,52,52,38,38,14,23,1,2,0.6,0.6
2026-03-06T1100,4069A,114.5488,36.6177,邯郸市,丛台东路558号,颗粒物(PM10),52,52,56,28,50,55,55,37,37,3,13,3,3,0.6,0.8
2026-03-06T1100,2635A,107.0155,33.0707,汉中市,市监测站,,44,44,62,25,35,48,48,23,23,17,25,5,5,0.6,0.7
2026-03-06T1100,2636A,107.0083,33.114,汉中市,鑫源开发区,NA,NA,44,59,23,31,NA,NA,20,20,11,28,4,6,0.5,0.6
2026-03-06T1100,2637A,107.0072,33.0323,汉中市,南郑大河坎水厂,颗粒物(PM10),53,54,58,28,31,41,41,23,23,21,21,5,5,0.6,0.7
2026-03-06T1100,1223A,120.2073,30.2111,杭州市,滨江,细颗粒物(PM2.5),68,57,63,44,40,47,47,37,36,24,26,7,7,0.7,0.7
2026-03-06T1100,1224A,120.0625,30.2737,杭州市,西溪,细颗粒物(PM2.5),76,68,62,48,43,52,52,43,40,16,16,8,8,0.6,0.6
2026-03-06T1100,1226A,120.3417,30.315,杭州市,下沙,细颗粒物(PM2.5),74,60,83,47,51,51,51,32,32,16,24,6,6,0.6,0.6
2026-03-06T1100,1227A,120.1252,30.2465,杭州市,卧龙桥,细颗粒物(PM2.5),76,62,64,48,44,52,52,43,40,18,17,8,8,0.5,0.5
2026-03-06T1100,1228A,120.1902,30.2691,杭州市,浙江农大,细颗粒物(PM2.5),80,56,62,50,46,54,54,39,39,17,22,5,6,0.7,0.7
2026-03-06T1100,1230A,120.1195,30.3121,杭州市,和睦小学,细颗粒物(PM2.5),74,64,73,47,48,50,50,39,38,22,22,4,5,0.7,0.7
2026-03-06T1100,1231A,120.3076,30.4146,杭州市,临平镇,细颗粒物(PM2.5),58,50,72,39,50,66,66,40,40,13,22,6,6,0.6,0.7
2026-03-06T1100,1232A,120.2753,30.1839,杭州市,城厢镇,细颗粒物(PM2.5),70,72,69,45,44,50,50,37,34,21,24,8,8,0.9,0.8
2026-03-06T1100,1233A,120.0883,30.1808,杭州市,云栖,细颗粒物(PM2.5),62,63,62,41,34,53,53,45,42,20,22,4,4,0.7,0.7
2026-03-06T1100,3557A,119.9463,30.0496,杭州市,镇二中,NA,NA,49,46,47,43,NA,NA,48,46,19,20,NA,4,0.8,0.7
2026-03-06T1100,3558A,119.7184,30.2367,杭州市,市府大楼,细颗粒物(PM2.5),86,63,52,53,43,43,43,45,45,13,14,6,6,0.6,0.6
2026-03-06T1100,3656A,120.1554,30.2863,杭州市,消防大队,细颗粒物(PM2.5),76,67,72,48,51,45,45,35,33,19,23,7,7,0.7,0.7
2026-03-06T1100,1270A,117.1957,31.7845,合肥市,明珠广场,NA,NA,68,58,31,39,NA,NA,35,35,16,20,6,6,NA,0.9
2026-03-06T1100,1271A,117.307,31.8765,合肥市,三里街,NA,NA,51,54,30,37,69,69,34,34,NA,26,6,5,0.8,0.7
2026-03-06T1100,1272A,117.2587,31.8703,合肥市,琥珀山庄,细颗粒物(PM2.5),56,56,60,38,40,77,77,NA,NA,18,20,6,6,0.8,0.8
2026-03-06T1100,1275A,117.2593,31.9376,合肥市,庐阳区,颗粒物(PM10),56,58,60,36,38,78,78,35,35,15,23,4,4,0.8,0.8
2026-03-06T1100,1276A,117.345251,31.861615,合肥市,瑶海区,,48,48,56,29,35,76,76,44,44,19,26,4,4,0.7,0.7
2026-03-06T1100,1277A,117.3033,31.7967,合肥市,包河区,颗粒物(PM10),51,51,57,30,36,69,69,30,30,23,43,7,8,0.8,0.8
2026-03-06T1100,1278A,117.278,31.7392,合肥市,滨湖新区,颗粒物(PM10),51,51,56,29,37,73,73,40,40,10,20,2,3,0.7,0.7
2026-03-06T1100,1279A,117.1324,31.8395,合肥市,高新区,颗粒物(PM10),60,63,57,37,40,75,75,42,42,11,16,3,4,0.7,0.7
2026-03-06T1100,3464A,117.3802,31.9148,合肥市,高教基地,,46,46,52,27,30,83,83,37,37,13,21,8,8,0.7,0.6
2026-03-06T1100,4098A,117.2518,31.8404,合肥市,中国科学技术大学,颗粒物(PM10),56,58,54,33,37,83,83,50,50,11,14,8,7,0.7,0.7
2026-03-06T1100,3614A,79.9241,37.0878,和田地区,地区环保局,颗粒物(PM10),500,637,646,132,143,46,46,37,37,18,19,1,3,0.8,0.9
2026-03-06T1100,3615A,79.9132,37.1137,和田地区,市环保局,颗粒物(PM10),465,565,589,132,141,35,35,27,27,30,29,3,3,1.9,1.2
2026-03-06T1100,2517A,108.0496,24.6957,河池市,市环保站,,49,49,44,24,30,42,42,8,8,7,14,4,4,0.6,0.7
2026-03-06T1100,4302A,108.0901,24.6945,河池市,上任中路54号,,43,43,54,20,33,43,43,9,9,10,25,6,6,0.5,0.6
2026-03-06T1100,1697A,114.6962,23.7538,河源市,东埔,,25,18,19,17,18,58,58,51,51,7,8,5,5,0.7,0.7
2026-03-06T1100,1698A,114.6895,23.7232,河源市,老城,,23,NA,20,16,17,59,59,52,52,6,8,6,6,0.7,0.7
2026-03-06T1100,3374A,115.5562,35.089,菏泽市,定陶老年大学,NA,NA,66,81,48,64,NA,NA,60,60,11,16,4,4,0.3,0.5
2026-03-06T1100,4114A,115.4239,35.2593,菏泽市,黄河路600号,细颗粒物(PM2.5),74,79,90,47,68,60,60,52,52,10,14,1,2,0.5,0.7
2026-03-06T1100,4115A,115.5025,35.2727,菏泽市,菏泽市人社局,细颗粒物(PM2.5),78,63,81,49,68,64,64,54,54,12,17,2,3,0.7,0.8
2026-03-06T1100,4184A,115.479691,35.244011,菏泽市,永昌路1号,细颗粒物(PM2.5),78,66,84,49,70,72,72,62,62,13,18,1,2,0.6,0.7
2026-03-06T1100,4193A,115.471542,35.280012,菏泽市,长城路999号,细颗粒物(PM2.5),74,61,81,47,66,69,69,59,59,12,17,3,3,0.5,0.7
2026-03-06T1100,2514A,111.5264,24.4178,贺州市,环保小区,,29,28,24,20,15,56,56,34,32,11,10,4,3,0.8,0.7
2026-03-06T1100,2515A,111.561,24.4074,贺州市,政协大楼,NA,NA,28,24,18,16,NA,NA,26,25,20,19,NA,5,0.6,0.6
2026-03-06T1100,3534A,111.4744,24.455,贺州市,西湾,,35,24,25,24,16,56,56,37,36,10,11,7,7,0.7,0.7
2026-03-06T1100,2385A,114.17,35.9019,鹤壁市,市监测站,细颗粒物(PM2.5),123,108,85,85,73,35,35,29,29,15,17,2,4,1.0,1.1
2026-03-06T1100,2386A,114.2953,35.7512,鹤壁市,市交警支队,细颗粒物(PM2.5),106,95,75,66,65,38,38,30,30,15,19,7,7,0.7,0.9
2026-03-06T1100,2387A,114.2877,35.7302,鹤壁市,迎宾馆,细颗粒物(PM2.5),111,87,77,72,62,36,36,29,29,14,20,7,6,0.9,1.1
2026-03-06T1100,3474A,114.2616,35.6824,鹤壁市,大新区,细颗粒物(PM2.5),115,NA,63,76,68,40,40,36,36,17,21,3,3,0.8,1
2026-03-06T1100,3596A,114.1573,35.9607,鹤壁市,南山宾馆,细颗粒物(PM2.5),125,100,85,87,73,36,36,28,28,NA,26,3,2,1.0,1
2026-03-06T1100,2244A,130.2537,47.3416,鹤岗市,哈啤分公司,,26,10,22,6,15,83,83,82,81,3,6,8,9,0.6,0.6
2026-03-06T1100,2245A,130.2683,47.3087,鹤岗市,斯达机电,,28,12,27,3,16,87,87,89,87,5,9,8,8,0.3,0.5
2026-03-06T1100,2246A,130.3114,47.3388,鹤岗市,东山纸板厂,,42,42,40,3,15,84,84,79,79,6,14,5,7,0.3,0.4
2026-03-06T1100,2263A,127.4832,50.2524,黑河市,交通局,,26,21,23,12,16,83,83,74,74,10,16,6,6,0.3,0.4
2026-03-06T1100,2264A,127.5146,50.2339,黑河市,环保局,NA,NA,7,23,3,19,75,75,73,73,14,18,NA,7,0.5,0.6
2026-03-06T1100,1074A,115.6839,37.754,衡水市,电机北厂,细颗粒物(PM2.5),60,53,62,40,54,63,63,45,45,13,19,3,4,0.6,0.7
2026-03-06T1100,1075A,115.6303,37.7318,衡水市,市监测站,,50,46,58,35,50,57,57,38,38,15,20,5,4,0.5,0.6
2026-03-06T1100,3188A,115.6684,37.7216,衡水市,市城管局,颗粒物(PM10),58,60,61,33,48,66,66,53,53,16,20,2,2,0.6,0.7
2026-03-06T1100,3459A,115.599,37.5491,衡水市,地表水厂,NA,NA,45,51,37,47,NA,NA,53,53,10,13,NA,4,0.5,0.5
2026-03-06T1100,2457A,112.6209,26.9268,衡阳市,衡阳化工总厂,细颗粒物(PM2.5),108,85,45,68,41,59,59,12,12,10,19,13,10,1.1,1
2026-03-06T1100,2458A,112.621,26.8957,衡阳市,珠晖区环保局,细颗粒物(PM2.5),105,66,49,65,37,53,53,11,11,14,28,7,6,1.0,1.1
2026-03-06T1100,2459A,112.628,26.8654,衡阳市,市委党校,细颗粒物(PM2.5),118,NA,44,79,38,55,55,12,12,14,20,10,9,1.2,1.3
2026-03-06T1100,2460A,112.6007,26.8977,衡阳市,市监测站,细颗粒物(PM2.5),86,70,60,53,42,49,49,11,11,20,29,8,7,1.0,1.2
2026-03-06T1100,2461A,112.5658,26.9013,衡阳市,真空机电公司,细颗粒物(PM2.5),108,NA,49,68,42,57,57,21,21,17,25,8,6,1.3,1.3
2026-03-06T1100,3399A,112.6703,26.8817,衡阳市,师范学院,NA,NA,59,43,44,31,59,59,10,10,NA,15,7,4,NA,1.1
2026-03-06T1100,3038A,103.3757,23.3679,红河哈尼族彝族自治州,州图书馆,,30,NA,29,21,25,60,60,66,62,6,6,4,4,0.6,0.6
2026-03-06T1100,4154A,103.401,23.3561,红河哈尼族彝族自治州,蒙自市朝阳路,,30,NA,25,21,25,57,57,68,64,8,6,7,7,0.5,0.4
2026-03-06T1100,1090A,111.6506,40.7517,呼和浩特市,呼市一监,,24,19,19,3,11,76,76,45,44,11,14,9,6,0.4,0.4
2026-03-06T1100,1094A,111.7516,40.8369,呼和浩特市,如意水处理厂,,24,24,19,10,9,76,76,53,53,6,9,10,10,0.4,0.3
2026-03-06T1100,1095A,111.727798,40.806187,呼和浩特市,二十九中,,26,26,23,3,7,66,66,49,46,9,10,11,10,0.4,0.3
2026-03-06T1100,1097A,111.717,40.7617,呼和浩特市,化肥厂生活区,,22,19,19,3,9,68,68,44,44,7,10,11,5,0.3,0.3
2026-03-06T1100,3699A,111.6519,40.8389,呼和浩特市,海东办,,22,14,16,8,6,70,70,60,60,12,10,4,3,0.3,0.2
2026-03-06T1100,4275A,111.591512,40.827312,呼和浩特市,成吉思汗西街8号,,20,12,17,8,6,62,62,54,52,13,11,5,4,0.4,0.3
2026-03-06T1100,4276A,111.6597,40.8077,呼和浩特市,公园东路75号,,23,17,18,8,6,72,72,62,62,12,11,8,7,0.4,0.3
2026-03-06T1100,4277A,111.5427,40.7846,呼和浩特市,金海路35号,,20,19,20,9,5,62,62,55,52,15,12,8,6,0.5,0.3
2026-03-06T1100,3061A,119.7511,49.1576,呼伦贝尔市,国华电力东,,24,21,32,11,18,76,76,66,66,14,17,3,4,0.1,0.2
2026-03-06T1100,4279A,119.7569,49.2222,呼伦贝尔市,伊敏大街东7号,,25,24,30,16,21,77,77,53,53,13,31,8,7,0.8,0.5
2026-03-06T1100,1250A,120.075,30.867,湖州市,城西水厂,,33,28,68,23,44,94,94,53,53,11,25,5,6,0.5,0.6
2026-03-06T1100,2873A,120.083,30.8929,湖州市,仁皇山新区,NA,NA,NA,63,NA,40,86,86,55,55,8,26,5,5,0.6,0.6
2026-03-06T1100,2907A,120.1846,30.8592,湖州市,吴兴区站,,40,40,67,22,37,72,72,48,48,7,23,4,5,0.3,0.4
2026-03-06T1100,3562A,120.4146,30.8538,湖州市,南浔区站,,43,35,66,30,46,86,86,58,58,12,20,7,8,0.7,0.6
2026-03-06T1100,1607A,120.904878,40.721091,葫芦岛市,龙港区,,26,26,32,10,17,79,79,71,71,6,16,8,11,0.4,0.5
2026-03-06T1100,1608A,120.8382,40.7521,葫芦岛市,化工街,NA,NA,22,29,NA,22,NA,NA,65,63,9,19,7,9,0.4,0.4
2026-03-06T1100,1609A,120.8339,40.7078,葫芦岛市,新区,NA,NA,20,29,19,20,74,74,67,66,10,18,NA,10,0.4,0.6
2026-03-06T1100,1610A,120.8697,40.7679,葫芦岛市,东城区,,28,28,26,13,20,76,76,70,70,8,17,9,11,0.5,0.5
2026-03-06T1100,2483A,109.9297,27.5383,怀化市,河西地税局,细颗粒物(PM2.5),68,58,40,44,31,39,39,34,28,19,13,4,3,/,/
2026-03-06T1100,2484A,109.9783,27.5342,怀化市,市四医院,细颗粒物(PM2.5),64,58,42,42,31,42,42,42,38,13,10,7,6,0.6,0.5
2026-03-06T1100,2485A,109.9971,27.5579,怀化市,监测楼,NA,NA,NA,37,45,31,44,44,39,37,10,10,NA,3,0.6,0.4
2026-03-06T1100,1210A,119.0566,33.5991,淮安市,钵池山,细颗粒物(PM2.5),94,73,56,57,42,53,53,26,26,16,27,10,10,0.7,0.6
2026-03-06T1100,1211A,119.0083,33.578,淮安市,北京南路,细颗粒物(PM2.5),98,85,58,59,45,46,46,16,16,17,31,7,7,0.7,0.6
2026-03-06T1100,1212A,118.9938,33.6083,淮安市,市监测站,细颗粒物(PM2.5),98,63,51,59,47,54,54,20,20,14,33,10,9,0.8,0.7
2026-03-06T1100,1213A,119.135,33.5038,淮安市,楚州区监测站,细颗粒物(PM2.5),76,63,56,48,44,63,63,23,23,9,29,5,5,0.5,0.5
2026-03-06T1100,3426A,118.8757,33.2897,淮安市,新华书店,细颗粒物(PM2.5),117,97,60,78,45,40,40,30,27,16,16,6,6,0.7,0.5
2026-03-06T1100,4092A,119.119691,33.550006,淮安市,枚皋中路89号,颗粒物(PM10),73,82,57,46,40,61,61,21,21,13,30,8,9,0.6,0.6
2026-03-06T1100,4206A,119.028838,33.631911,淮安市,承德北路606号,细颗粒物(PM2.5),80,83,66,50,42,60,60,23,23,13,32,7,7,0.7,0.6
2026-03-06T1100,2282A,116.8005,33.9749,淮北市,监测站,细颗粒物(PM2.5),117,114,72,78,51,42,42,44,39,19,16,5,5,0.9,0.7
2026-03-06T1100,2283A,116.8094,33.9008,淮北市,烈山区政府,细颗粒物(PM2.5),117,100,69,78,50,46,46,41,40,16,16,3,3,0.7,0.6
2026-03-06T1100,4017A,116.7926,33.9534,淮北市,市博物馆,细颗粒物(PM2.5),124,112,79,86,56,42,42,42,39,17,18,2,1,0.9,0.7
2026-03-06T1100,4100A,116.8322,33.9884,淮北市,杜集区第一实验学校,细颗粒物(PM2.5),117,111,76,78,52,41,41,38,36,19,18,6,6,0.7,0.6
2026-03-06T1100,2277A,116.8304,32.7726,淮南市,潘集区政府,细颗粒物(PM2.5),88,73,71,54,43,52,52,21,21,16,24,7,6,0.5,0.5
2026-03-06T1100,2279A,116.8569,32.5949,淮南市,谢家集区政府,细颗粒物(PM2.5),80,68,57,50,44,53,53,36,36,25,21,8,7,0.7,0.6
2026-03-06T1100,2280A,116.8279,32.6333,淮南市,八公山区政府,细颗粒物(PM2.5),84,67,61,52,45,66,66,40,40,18,17,10,6,0.6,0.5
2026-03-06T1100,2894A,117.0561,32.6536,淮南市,经济技术开发区消防队,细颗粒物(PM2.5),92,79,76,56,45,44,44,25,25,14,24,8,5,0.5,0.5
2026-03-06T1100,3329A,117.011,32.5891,淮南市,山南新区,细颗粒物(PM2.5),78,52,56,49,45,68,68,38,38,17,21,7,6,0.5,0.5
2026-03-06T1100,4209A,117.003137,32.644456,淮南市,国庆中路369号,细颗粒物(PM2.5),86,56,64,53,49,41,41,22,22,22,22,11,10,0.6,0.6
2026-03-06T1100,2446A,114.9021,30.474,黄冈市,职工中心,细颗粒物(PM2.5),92,59,46,56,39,55,55,41,40,19,12,6,5,0.8,0.8
2026-03-06T1100,2929A,114.8858,30.4519,黄冈市,红卫路,细颗粒物(PM2.5),76,54,44,48,36,50,50,37,37,20,14,6,4,0.2,0.3
2026-03-06T1100,3398A,114.9134,30.4446,黄冈市,市林业局,细颗粒物(PM2.5),60,58,46,40,38,55,55,40,39,24,23,4,4,0.6,0.5
2026-03-06T1100,2672A,102.02,35.5101,黄南藏族自治州,同仁县隆务镇,颗粒物(PM10),63,67,70,29,30,81,81,75,72,2,2,10,9,0.4,0.3
2026-03-06T1100,2295A,118.2905,29.6965,黄山市,延安路89号,细颗粒物(PM2.5),56,45,45,38,37,79,79,70,70,9,10,4,4,0.6,0.7
2026-03-06T1100,2297A,118.1369,30.2755,黄山市,黄山区政府5号楼,细颗粒物(PM2.5),56,49,61,38,39,69,69,27,27,10,13,3,2,0.8,0.9
2026-03-06T1100,4210A,118.335445,29.720283,黄山市,滨江东路7-2号,颗粒物(PM10),60,64,65,39,39,79,79,71,71,8,11,/,/,/,/
2026-03-06T1100,2423A,115.0547,30.2332,黄石市,沈家营,细颗粒物(PM2.5),80,64,56,50,39,53,53,30,30,16,19,11,10,0.8,0.9
2026-03-06T1100,2426A,114.899,30.211,黄石市,铁山,细颗粒物(PM2.5),72,46,50,46,42,59,59,46,46,16,19,7,7,0.5,0.7
2026-03-06T1100,2427A,115.0259,30.2108,黄石市,团城山,细颗粒物(PM2.5),68,51,54,44,42,54,54,45,45,11,13,6,7,0.8,0.9
2026-03-06T1100,3149A,115.0174,30.1591,黄石市,笔架山北路,细颗粒物(PM2.5),94,68,74,57,46,54,54,36,36,16,16,7,8,0.7,0.9
2026-03-06T1100,4185A,115.078022,30.21118,黄石市,磁湖东路29号,细颗粒物(PM2.5),84,62,54,52,44,61,61,54,54,8,10,12,7,0.8,0.7
2026-03-06T1100,1392A,114.4181,23.0528,惠州市,河南岸金山湖子站,,25,20,19,17,15,56,56,49,49,8,9,6,6,0.7,0.7
2026-03-06T1100,1393A,114.4055,23.0824,惠州市,下埔横江三路子站,,22,21,19,15,13,63,63,57,57,8,8,8,7,0.7,0.7
2026-03-06T1100,1395A,114.4645,22.7832,惠州市,惠阳区承修路船湖子站,,26,24,19,18,13,55,55,46,46,8,9,6,6,0.6,0.6
2026-03-06T1100,1396A,114.5316,22.7423,惠州市,大亚湾管委会子站,,23,22,16,16,12,50,50,44,43,5,5,2,2,0.6,0.6
2026-03-06T1100,3314A,114.4334,22.8134,惠州市,惠阳秋长,,28,24,16,19,14,47,47,35,35,7,7,/,/,/,/
2026-03-06T1100,3452A,114.6521,22.7755,惠州市,大亚湾霞涌,,25,21,15,17,11,53,53,48,48,9,8,/,/,/,/
2026-03-06T1100,4300A,114.4089,23.1147,惠州市,文华一路1号,,23,22,18,16,14,61,61,54,54,7,8,/,/,/,/
2026-03-06T1100,2240A,130.9618,45.2926,鸡西市,环保局,颗粒物(PM10),58,61,48,28,32,73,73,50,50,21,22,9,9,0.2,0.3
2026-03-06T1100,2243A,130.9294,45.2959,鸡西市,第一中学,,43,43,38,24,25,77,77,57,57,14,16,5,5,0.3,0.4
2026-03-06T1100,3707A,131.0069,45.2988,鸡西市,欧美日汽修厂,颗粒物(PM10),58,60,71,30,37,77,77,31,31,14,29,9,14,0.3,0.6
2026-03-06T1100,2367A,114.9753,27.0803,吉安市,红声器材厂,细颗粒物(PM2.5),90,66,62,55,49,56,56,23,23,17,16,6,3,0.6,0.5
2026-03-06T1100,2369A,114.9903,27.1313,吉安市,市环境监测站,细颗粒物(PM2.5),102,NA,52,62,49,52,52,23,23,19,16,7,6,/,/
2026-03-06T1100,2370A,115.009527,27.096792,吉安市,青原区法院,NA,NA,NA,59,NA,46,57,57,16,16,21,22,NA,6,NA,0.7
2026-03-06T1100,1772A,126.54,43.8622,吉林市,哈达湾,细颗粒物(PM2.5),70,52,44,45,36,77,77,57,57,18,19,15,11,1.6,1
2026-03-06T1100,1773A,126.5843,43.8358,吉林市,东局子,细颗粒物(PM2.5),60,44,45,40,41,76,76,53,53,17,18,8,5,0.7,0.8
2026-03-06T1100,1774A,126.5051,43.8243,吉林市,电力学院,,45,39,43,31,35,80,80,64,64,17,21,17,18,1.1,1
2026-03-06T1100,1775A,126.6133,43.8971,吉林市,江北,,49,41,44,34,35,79,79,56,56,11,14,8,7,0.7,0.7
2026-03-06T1100,1776A,126.5549,43.8304,吉林市,江南公园,细颗粒物(PM2.5),72,48,43,46,37,71,71,50,50,21,19,14,11,1.4,0.9
2026-03-06T1100,2868A,126.4737,43.953,吉林市,九站,细颗粒物(PM2.5),56,51,60,38,49,72,72,53,53,19,28,17,18,0.4,0.5
2026-03-06T1100,1299A,116.9866,36.6118,济南市,科干所,细颗粒物(PM2.5),68,66,68,44,51,70,70,69,69,17,20,4,4,0.6,0.7
2026-03-06T1100,1300A,116.9379,36.6652,济南市,农科所,细颗粒物(PM2.5),74,63,62,47,53,70,70,69,69,16,18,5,5,0.6,0.7
2026-03-06T1100,1301A,117.1265,36.6736,济南市,开发区,细颗粒物(PM2.5),86,59,61,53,59,72,72,74,74,18,20,2,2,0.7,0.8
2026-03-06T1100,1303A,117.0616,36.6865,济南市,省种子仓库,细颗粒物(PM2.5),76,66,69,48,54,68,68,69,69,17,18,3,4,0.5,0.7
2026-03-06T1100,1304A,116.9495185,36.644937,济南市,机床二厂,NA,NA,68,61,50,58,60,60,66,66,NA,14,2,3,NA,0.7
2026-03-06T1100,1305A,117.0496,36.6629,济南市,市监测站,细颗粒物(PM2.5),84,71,71,52,56,69,69,69,69,15,20,2,2,0.5,0.7
2026-03-06T1100,1306A,116.7674,36.5458,济南市,长清党校,细颗粒物(PM2.5),68,68,75,44,58,73,73,68,68,11,15,2,2,0.7,0.8
2026-03-06T1100,1961A,117.5323,36.6865,济南市,东山小学,细颗粒物(PM2.5),76,66,74,48,54,68,68,67,67,18,21,3,2,0.7,0.7
2026-03-06T1100,3059A,117.7181,36.205,济南市,泰兴公司,细颗粒物(PM2.5),70,68,66,45,46,71,71,76,76,17,19,4,6,0.6,0.8
2026-03-06T1100,3064A,117.6861,36.2172,济南市,莱芜战役纪念馆,细颗粒物(PM2.5),72,66,67,46,46,76,76,80,80,18,20,2,3,0.5,0.7
2026-03-06T1100,3494A,117.1673,36.9782,济南市,济阳区政府,细颗粒物(PM2.5),78,63,61,49,51,65,65,62,62,13,18,4,4,0.5,0.5
2026-03-06T1100,3495A,117.1168,36.6299,济南市,锦屏中学,细颗粒物(PM2.5),80,61,65,50,56,69,69,69,69,11,15,5,5,0.5,0.6
2026-03-06T1100,4108A,117.7107,36.2385,济南市,山财大街5号,细颗粒物(PM2.5),70,58,63,45,48,64,64,68,68,16,18,8,8,0.6,0.8
2026-03-06T1100,4109A,116.9744,36.6889,济南市,无影山路12号,细颗粒物(PM2.5),86,NA,60,53,54,68,68,66,66,11,15,3,3,0.6,0.8
2026-03-06T1100,1653A,116.6229,35.4288,济宁市,火炬城,细颗粒物(PM2.5),66,44,64,43,52,65,65,56,56,11,18,2,2,0.6,0.8
2026-03-06T1100,3500A,116.5808,35.3703,济宁市,北湖一中,细颗粒物(PM2.5),66,46,64,43,53,64,64,57,57,12,17,3,4,0.3,0.5
2026-03-06T1100,3501A,116.8251,35.5592,济宁市,服务中心,细颗粒物(PM2.5),60,61,79,40,58,66,66,52,52,10,19,2,2,0.4,0.6
2026-03-06T1100,3678A,116.5907,35.4054,济宁市,市第七中学,细颗粒物(PM2.5),66,62,64,43,54,69,69,61,61,13,18,6,6,0.6,0.8
2026-03-06T1100,4111A,116.6075,35.4566,济宁市,任和路,NA,NA,63,79,44,53,64,64,55,55,11,21,4,4,NA,0.7
2026-03-06T1100,4112A,116.5648,35.3921,济宁市,文体南路1号,"颗粒物(PM10),细颗粒物(PM2.5)",60,64,79,40,55,66,66,59,59,9,16,1,2,0.5,0.7
2026-03-06T1100,4122A,112.6071,35.1015,济源市,市委党校,细颗粒物(PM2.5),110,109,124,71,79,35,35,29,29,15,22,4,4,0.7,1.3
2026-03-06T1100,4123A,112.596,35.0702,济源市,沁园中路1号,细颗粒物(PM2.5),108,92,100,68,76,42,42,33,33,14,19,3,3,0.9,1.2
2026-03-06T1100,2255A,130.2749,46.8028,佳木斯市,佳纺,颗粒物(PM10),60,63,59,25,30,65,65,27,27,18,30,7,7,0.5,0.6
2026-03-06T1100,2257A,130.3258,46.7975,佳木斯市,环保局,颗粒物(PM10),53,54,46,16,29,78,78,31,31,10,26,6,7,0.3,0.6
2026-03-06T1100,4285A,130.363,46.806,佳木斯市,顺和街,,33,33,32,7,22,75,75,44,44,10,24,6,5,0.2,0.3
2026-03-06T1100,4286A,130.3952,46.8268,佳木斯市,长安路196号,,29,29,27,16,20,78,78,49,49,6,17,5,5,0.3,0.4
2026-03-06T1100,1252A,120.7439,30.778,嘉兴市,清河小学,NA,NA,39,58,10,33,NA,NA,56,56,12,26,5,5,0.7,0.6
2026-03-06T1100,1253A,120.7261,30.7477,嘉兴市,嘉兴学院,,33,33,64,23,38,88,88,59,59,13,25,5,5,0.7,0.6
2026-03-06T1100,2872A,120.7845,30.7524,嘉兴市,南湖区残联,,35,35,51,24,36,86,86,60,60,10,22,4,4,0.7,0.7
2026-03-06T1100,3407A,120.6915,30.7741,嘉兴市,秀洲住建,NA,NA,43,64,25,40,92,92,57,57,NA,23,7,8,0.9,0.8
2026-03-06T1100,1945A,98.291,39.7705,嘉峪关市,气象局,颗粒物(PM10),80,92,104,19,27,82,82,65,65,13,18,8,6,0.5,0.4
2026-03-06T1100,2884A,98.2672,39.7978,嘉峪关市,酒钢宾馆,颗粒物(PM10),100,119,111,33,33,65,65,62,61,31,16,46,17,2.3,0.8
2026-03-06T1100,3248A,98.2644,39.7723,嘉峪关市,雄关区,颗粒物(PM10),68,75,83,13,26,77,77,56,56,18,21,17,10,1.0,0.6
2026-03-06T1100,1383A,113.1063,22.6058,江门市,北街,,39,39,27,22,19,65,65,39,39,26,26,/,/,/,/
2026-03-06T1100,1384A,113.073,22.5835,江门市,西区,,30,28,26,21,19,69,69,40,40,17,20,/,/,/,/
2026-03-06T1100,1385A,113.0218,22.531,江门市,圭峰西,,33,33,25,21,17,66,66,46,46,14,14,/,/,/,/
2026-03-06T1100,1386A,113.0826,22.5947,江门市,东湖,,28,27,27,19,17,66,66,40,40,18,18,5,5,0.6,0.6
2026-03-06T1100,3311A,113.1077,22.5647,江门市,江海富民,,35,35,38,23,19,62,62,40,40,23,24,/,/,0.5,0.5
2026-03-06T1100,3449A,113.0496,22.4669,江门市,新会银湖,,32,30,29,22,18,62,62,39,39,20,23,7,7,0.6,0.6
2026-03-06T1100,3335A,113.3137,35.2643,焦作市,马村街道办,细颗粒物(PM2.5),104,80,92,64,77,38,38,29,29,17,21,5,5,1.0,1.2
2026-03-06T1100,3336A,113.2464,35.2374,焦作市,焦作技师学院,细颗粒物(PM2.5),113,98,99,74,75,32,32,25,25,16,20,7,6,1.1,1.4
2026-03-06T1100,3477A,113.1656,35.2536,焦作市,中站许衡医院,细颗粒物(PM2.5),111,91,97,72,74,33,33,28,28,20,21,8,7,1.0,1.3
2026-03-06T1100,3981A,113.2456,35.18,焦作市,原李万街道办,细颗粒物(PM2.5),101,93,98,61,72,38,38,31,31,14,16,6,8,0.9,1.1
2026-03-06T1100,4264A,113.234,35.219,焦作市,新安路1731号,细颗粒物(PM2.5),111,73,98,72,72,38,38,32,32,17,21,7,7,0.8,1.1
2026-03-06T1100,4295A,113.2722,35.2121,焦作市,人民路3066号,细颗粒物(PM2.5),98,104,94,59,69,40,40,33,33,15,19,5,6,1.1,1.3
2026-03-06T1100,1708A,116.3701,23.5345,揭阳市,新兴,,32,32,19,14,12,49,49,35,35,10,11,6,6,0.7,0.7
2026-03-06T1100,1709A,116.3261,23.5442,揭阳市,西马,,27,27,18,14,10,44,44,34,34,8,8,5,5,0.6,0.5
2026-03-06T1100,1710A,116.361,23.5627,揭阳市,东兴,,47,47,23,16,14,49,49,31,31,8,12,4,4,/,/
2026-03-06T1100,1711A,116.4151,23.5295,揭阳市,渔湖,,43,43,22,17,12,51,51,35,35,15,11,9,5,/,/
2026-03-06T1100,3320A,116.4028,23.5699,揭阳市,曲溪,,20,19,20,14,12,52,52,32,32,13,15,6,5,0.8,0.7
2026-03-06T1100,1944A,102.1691,38.5166,金昌市,天庆家园,颗粒物(PM10),58,61,73,21,24,74,74,69,66,4,7,5,27,0.6,0.6
2026-03-06T1100,4022A,102.1648,38.5369,金昌市,金川区人防中心,颗粒物(PM10),56,58,69,13,26,72,72,69,66,4,7,6,19,0.5,0.5
2026-03-06T1100,4239A,102.193042,38.531887,金昌市,长春路96号,颗粒物(PM10),58,60,69,17,24,68,68,65,64,10,16,7,31,0.5,0.5
2026-03-06T1100,1262A,119.6478,29.0773,金华市,十五中,,45,45,44,28,32,75,75,51,51,16,24,4,4,0.6,0.4
2026-03-06T1100,1263A,119.6859,29.1032,金华市,监测站,颗粒物(PM10),51,51,49,34,35,64,64,36,36,12,22,2,2,0.6,0.6
2026-03-06T1100,3659A,119.656,29.1132,金华市,气象局,,42,40,49,29,34,70,70,41,41,17,30,2,2,0.6,0.5
2026-03-06T1100,1767A,121.1114,41.0879,锦州市,南山,,26,NA,20,11,15,81,81,78,76,5,9,7,7,0.6,0.4
2026-03-06T1100,1768A,121.060361,40.842794,锦州市,开发区,,40,40,27,10,18,79,79,64,64,6,14,8,9,0.3,0.6
2026-03-06T1100,1769A,121.1836,41.1118,锦州市,百股街道,,26,19,24,12,18,82,82,76,76,4,9,8,8,0.4,0.5
2026-03-06T1100,1770A,121.1176,41.1224,锦州市,天安街道,,27,15,23,10,15,84,84,80,80,7,10,6,6,0.4,0.4
2026-03-06T1100,1771A,121.1303,41.1385,锦州市,北湖公园,,28,18,22,15,17,88,88,80,80,4,8,6,6,0.5,0.5
2026-03-06T1100,2160A,112.8496,35.5051,晋城市,自来水公司,细颗粒物(PM2.5),94,78,85,57,33,38,38,43,38,11,11,4,4,1.0,0.7
2026-03-06T1100,2162A,112.8509,35.4886,晋城市,市环保局,细颗粒物(PM2.5),94,77,69,57,39,36,36,41,39,16,17,3,4,1.0,0.8
2026-03-06T1100,3620A,112.8258,35.4804,晋城市,泽州一中,细颗粒物(PM2.5),68,67,74,44,35,38,38,39,37,13,14,2,3,0.7,0.6
2026-03-06T1100,4078A,112.8246,35.5152,晋城市,前书院路,颗粒物(PM10),63,67,72,38,29,38,38,38,34,13,12,4,5,1.0,0.7
2026-03-06T1100,4079A,112.8864,35.4773,晋城市,祥云街666号,细颗粒物(PM2.5),104,69,74,64,44,30,30,40,36,14,11,5,6,0.9,0.6
2026-03-06T1100,2174A,112.6992,37.6984,晋中市,榆次区政府,,41,41,57,10,24,59,59,41,40,20,23,10,11,0.3,0.4
2026-03-06T1100,2865A,112.7195,37.683,晋中市,榆次三中,颗粒物(PM10),51,51,60,14,18,51,51,47,40,22,16,9,10,0.3,0.3
2026-03-06T1100,4080A,112.7375,37.7215,晋中市,广安街188号,,27,27,56,11,20,57,57,39,39,13,17,12,11,0.3,0.3
2026-03-06T1100,4200A,112.7478,37.6954,晋中市,迎宾街26号,,46,46,60,10,23,55,55,49,42,14,15,8,9,0.4,0.4
2026-03-06T1100,2439A,112.2012,31.048,荆门市,竹园小学,细颗粒物(PM2.5),150,145,115,114,87,NA,NA,36,23,28,27,NA,1,1.6,1.7
2026-03-06T1100,2440A,112.1968,30.9892,荆门市,掇刀,细颗粒物(PM2.5),169,159,118,128,91,26,26,33,27,31,26,5,5,0.9,0.9
2026-03-06T1100,3012A,112.1849,31.0361,荆门市,西山林语,细颗粒物(PM2.5),141,149,109,105,78,20,20,28,22,24,18,4,4,1.0,0.9
2026-03-06T1100,3547A,112.1631,31.0134,荆门市,龙泉中学南校,NA,NA,NA,NA,NA,NA,NA,NA,NA,NA,NA,NA,NA,NA,NA,NA
2026-03-06T1100,4124A,112.2213,31.0654,荆门市,新台西路6号,细颗粒物(PM2.5),140,139,106,103,82,26,26,31,18,18,21,4,5,0.7,0.7
2026-03-06T1100,1844A,112.2493,30.3198,荆州市,市图书馆,细颗粒物(PM2.5),123,86,72,85,66,24,24,13,11,42,32,14,6,0.9,0.9
2026-03-06T1100,1845A,112.2009,30.3543,荆州市,市委党校,细颗粒物(PM2.5),125,96,82,87,69,9,9,6,3,45,35,8,6,0.9,0.8
2026-03-06T1100,3194A,112.2749,30.3124,荆州市,管委会,细颗粒物(PM2.5),129,91,76,91,72,20,20,11,8,35,26,15,10,0.9,0.9
2026-03-06T1100,4268A,112.1722,30.3366,荆州市,学苑路85号,细颗粒物(PM2.5),125,107,81,87,68,14,14,16,14,43,25,2,2,1.2,1
2026-03-06T1100,2343A,117.2114,29.2931,景德镇市,老干部活动中心,,43,30,36,30,34,62,62,39,39,5,8,3,4,0.7,0.7
2026-03-06T1100,2344A,117.1893,29.2789,景德镇市,兽医站,,44,44,47,30,30,65,65,42,42,7,10,4,4,0.5,0.4
2026-03-06T1100,2346A,117.246,29.2958,景德镇市,陶研所,,40,31,33,28,33,60,60,34,34,8,12,3,4,0.6,0.6
2026-03-06T1100,4289A,117.154766,29.256967,景德镇市,青少年活动中心,,48,36,41,33,34,61,61,33,33,6,14,3,4,/,/
2026-03-06T1100,1803A,115.9873,29.6816,九江市,十里,细颗粒物(PM2.5),60,59,63,40,49,77,77,56,56,18,25,6,7,0.6,0.6
2026-03-06T1100,1804A,115.9583,29.7047,九江市,茅山头,细颗粒物(PM2.5),80,65,61,50,56,77,77,60,60,12,19,3,4,0.6,0.7
2026-03-06T1100,1805A,115.9877,29.7295,九江市,西园,细颗粒物(PM2.5),78,63,61,49,52,72,72,57,57,22,32,4,4,0.7,0.7
2026-03-06T1100,1808A,115.9112,29.6038,九江市,综合工业园,NA,NA,92,59,46,48,NA,NA,61,57,NA,28,NA,7,NA,0.7
2026-03-06T1100,3190A,116.0254,29.6995,九江市,外国语学校,NA,NA,56,55,44,48,NA,NA,49,48,14,23,6,6,0.6,0.7
2026-03-06T1100,4253A,116.010205,29.659402,九江市,莲花大道8号,细颗粒物(PM2.5),58,57,66,39,43,69,69,56,56,14,21,5,5,0.4,0.5
2026-03-06T1100,4240A,98.495752,39.733935,酒泉市,玉门东路5号,颗粒物(PM10),102,124,115,32,33,64,64,53,53,15,12,10,7,0.5,0.4
2026-03-06T1100,4241A,98.5099,39.7506,酒泉市,北大街108号,颗粒物(PM10),110,146,105,38,44,68,68,50,50,12,14,11,8,0.4,0.4
2026-03-06T1100,2698A,76.0071,39.466,喀什地区,巡警大队,颗粒物(PM10),458,558,708,130,186,44,44,34,34,31,35,7,6,0.9,1
2026-03-06T1100,2699A,75.9756,39.4693,喀什地区,吾办,颗粒物(PM10),430,530,671,131,204,43,43,42,42,24,26,17,10,0.6,0.7
2026-03-06T1100,4027A,75.9485,39.4688,喀什地区,老干局,颗粒物(PM10),447,547,707,135,167,48,48,37,37,19,25,6,5,0.7,0.9
2026-03-06T1100,1824A,114.3389,34.778,开封市,肿瘤医院,细颗粒物(PM2.5),178,NA,77,134,73,58,58,52,52,14,22,7,6,0.8,1.1
2026-03-06T1100,1826A,114.2884,34.7966,开封市,世纪星幼儿园,NA,NA,NA,73,NA,71,NA,NA,48,48,NA,24,7,7,0.8,1.1
2026-03-06T1100,3147A,114.3434,34.8101,开封市,龙亭公园,细颗粒物(PM2.5),64,59,74,42,65,57,57,52,52,15,26,7,7,0.9,1.1
2026-03-06T1100,3210A,114.3645,34.7955,开封市,汴京公园,颗粒物(PM10),59,62,76,37,59,54,54,49,49,13,23,4,4,0.8,1
2026-03-06T1100,3473A,114.2485,34.8306,开封市,技师学院,细颗粒物(PM2.5),76,57,70,48,70,59,59,51,51,12,21,7,8,0.9,1.2
2026-03-06T1100,3592A,114.4518,34.7503,开封市,祥符区生态环境局,细颗粒物(PM2.5),82,64,100,51,73,56,56,49,49,18,28,7,6,0.9,1.3
2026-03-06T1100,1951A,84.886,45.6029,克拉玛依市,长征新村,,32,32,27,17,20,53,53,74,60,33,17,8,7,1.0,0.6
2026-03-06T1100,1952A,84.8894,45.5827,克拉玛依市,南林小区,,37,37,33,12,15,57,57,60,56,20,9,3,3,0.5,0.4
2026-03-06T1100,1954A,84.896,44.3328,克拉玛依市,独山子区,颗粒物(PM10),52,52,61,33,43,107,107,110,106,13,13,4,4,0.7,0.7
2026-03-06T1100,1955A,85.6888,46.0909,克拉玛依市,乌尔禾区商贸楼,NA,NA,NA,28,NA,14,NA,NA,47,35,20,12,NA,9,1.0,0.7
2026-03-06T1100,3612A,85.1045,45.6895,克拉玛依市,白碱滩区新站,,44,44,32,25,22,14,14,72,46,58,17,11,11,0.5,0.4
2026-03-06T1100,2697A,76.1457,39.7143,克孜勒苏柯尔克孜自治州,市人民政府,颗粒物(PM10),198,346,615,83,146,75,75,68,68,16,13,4,4,0.3,0.4
2026-03-06T1100,3665A,76.1654,39.7157,克孜勒苏柯尔克孜自治州,克州文化中心,颗粒物(PM10),250,385,617,95,153,66,66,71,71,20,14,5,6,0.7,0.4
2026-03-06T1100,1450A,102.8203,24.889,昆明市,呈贡新区,细颗粒物(PM2.5),111,NA,52,72,48,97,97,66,63,11,12,5,5,0.9,0.8
2026-03-06T1100,1452A,102.7253,25.0904,昆明市,龙泉镇,细颗粒物(PM2.5),104,65,59,64,45,75,75,55,50,14,15,4,3,0.6,0.5
2026-03-06T1100,1453A,102.7267,25.0378,昆明市,东风东路,细颗粒物(PM2.5),115,82,65,76,46,70,70,58,53,19,18,6,5,0.9,0.7
2026-03-06T1100,1454A,102.6744,25.0671,昆明市,金鼎山,细颗粒物(PM2.5),113,NA,66,74,49,75,75,60,54,19,17,4,3,0.8,0.7
2026-03-06T1100,1455A,102.6643,25.0401,昆明市,碧鸡广场,细颗粒物(PM2.5),96,76,67,58,48,69,69,57,50,19,19,4,4,0.9,0.7
2026-03-06T1100,3179A,102.7491,25.012,昆明市,官渡区博物馆,细颗粒物(PM2.5),110,72,61,70,43,74,74,51,49,14,17,4,4,0.8,0.6
2026-03-06T1100,3375A,102.8016,24.8336,昆明市,青年创业园,细颗粒物(PM2.5),101,81,68,61,48,92,92,55,55,6,12,4,4,0.8,0.7
2026-03-06T1100,3550A,102.8,24.9787,昆明市,昆明学院,细颗粒物(PM2.5),86,84,68,53,39,79,79,56,53,13,15,4,4,1.0,0.8
2026-03-06T1100,3551A,102.5969,24.6738,昆明市,晋宁区生态环境分局,细颗粒物(PM2.5),104,70,76,64,59,94,94,77,72,10,12,2,3,0.6,0.6
2026-03-06T1100,3552A,102.6673,24.9861,昆明市,云天化总部,细颗粒物(PM2.5),86,81,64,53,42,78,78,56,52,14,14,6,6,0.8,0.6
2026-03-06T1100,1456A,91.132,29.6515,拉萨市,八廓街,,30,30,23,3,9,57,57,32,32,14,26,5,5,0.8,0.9
2026-03-06T1100,1457A,91.1221,29.6748,拉萨市,市环保局,,31,31,39,7,18,46,46,9,9,24,32,3,5,0.7,1.1
2026-03-06T1100,1458A,91.0874,29.6476,拉萨市,区监测站,,17,16,21,8,13,52,52,19,19,19,36,5,5,0.8,1
2026-03-06T1100,1459A,91.1774,29.6541,拉萨市,西藏大学,,18,14,15,3,8,56,56,38,38,9,20,3,4,0.4,0.9
2026-03-06T1100,1460A,90.9798,29.6586,拉萨市,区辐射站,,32,32,24,18,14,49,49,44,40,36,25,4,4,0.7,0.6
2026-03-06T1100,1461A,91.0831,29.6292,拉萨市,拉萨火车站,,15,15,14,3,6,43,43,51,39,30,18,5,4,1.1,0.6
2026-03-06T1100,2520A,109.2203,23.7252,来宾市,来宾技工学校,,42,42,46,28,32,76,76,62,62,9,13,9,10,0.8,0.9
2026-03-06T1100,3535A,109.1781,23.7293,来宾市,兴宾区政府,,40,39,42,28,27,82,82,68,68,8,9,8,7,0.7,0.8
2026-03-06T1100,4002A,109.2312,23.7428,来宾市,中南小学,,45,42,54,31,39,77,77,57,57,9,18,7,8,0.7,0.8
2026-03-06T1100,1479A,103.8309,36.0467,兰州市,铁路设计院,NA,NA,NA,NA,NA,NA,NA,NA,NA,NA,NA,NA,NA,NA,NA,NA
2026-03-06T1100,3241A,103.7439,36.0841,兰州市,百合公园,颗粒物(PM10),75,84,87,35,35,36,36,31,24,42,23,17,10,1.0,0.7
2026-03-06T1100,3242A,103.9613,35.9985,兰州市,和平,NA,NA,106,91,29,35,NA,NA,52,49,20,19,19,12,0.9,0.7
2026-03-06T1100,4236A,103.629272,36.093822,兰州市,庄浪东路808号,NA,NA,NA,92,NA,31,NA,NA,49,42,37,22,NA,9,0.8,0.6
2026-03-06T1100,4237A,103.7251,36.104344,兰州市,安宁西路88号,颗粒物(PM10),79,90,104,33,31,61,61,42,33,29,17,35,14,0.8,0.4
2026-03-06T1100,4238A,103.846982,36.067567,兰州市,北滨河东路1号,颗粒物(PM10),66,72,88,34,33,54,54,32,24,33,30,27,12,1.4,0.6
2026-03-06T1100,1067A,116.6712,39.5109,廊坊市,药材公司,,29,29,65,17,61,68,68,21,21,11,26,3,3,0.5,0.9
2026-03-06T1100,1068A,116.7215,39.5592,廊坊市,开发区,,35,35,64,17,62,67,67,26,26,12,21,3,3,0.4,0.8
2026-03-06T1100,1070A,116.7246,39.5273,廊坊市,北华航天学院,,34,34,69,22,64,67,67,30,30,12,22,2,2,0.4,0.7
2026-03-06T1100,2919A,116.7022,39.5454,廊坊市,河北工业大学,,37,37,75,24,62,63,63,26,26,10,18,3,3,0.4,0.8
2026-03-06T1100,2536A,103.7629,29.5844,乐山市,牛耳桥,"颗粒物(PM10),细颗粒物(PM2.5)",54,55,36,37,23,17,17,10,10,24,29,9,7,1.0,0.9
2026-03-06T1100,2537A,103.7501,29.6002,乐山市,市第三水厂,细颗粒物(PM2.5),56,54,38,38,22,21,21,10,10,29,33,6,4,1.0,0.9
2026-03-06T1100,2538A,103.7571,29.5664,乐山市,市监测站,颗粒物(PM10),52,52,36,33,21,19,19,13,13,21,26,8,7,0.8,0.8
2026-03-06T1100,3361A,103.7313,29.563,乐山市,理工大学,NA,NA,44,33,35,21,NA,NA,10,6,24,21,9,8,0.8,1
2026-03-06T1100,2599A,100.2497,26.8802,丽江市,丽江古城,NA,NA,62,48,39,33,116,116,116,113,NA,14,NA,13,0.6,0.5
2026-03-06T1100,2600A,100.2203,26.8906,丽江市,市中心,颗粒物(PM10),55,57,42,35,34,123,123,120,117,12,12,7,8,0.5,0.5
2026-03-06T1100,1267A,119.9141,28.4513,丽水市,监测站大楼,,49,42,20,34,17,54,54,52,52,11,15,4,4,0.5,0.4
2026-03-06T1100,1268A,119.93,28.4589,丽水市,莲都小学,颗粒物(PM10),53,54,27,34,17,52,52,52,52,15,18,/,/,/,/
2026-03-06T1100,1269A,119.8794,28.4232,丽水市,余庄前,颗粒物(PM10),51,51,23,32,15,52,52,30,30,12,16,3,4,0.6,0.4
2026-03-06T1100,1173A,119.1759,34.5885,连云港市,市环境监测站,细颗粒物(PM2.5),76,66,47,48,35,69,69,48,48,17,29,8,8,0.8,0.6
2026-03-06T1100,3000A,119.3577,34.6971,连云港市,德源药业,颗粒物(PM10),65,70,64,36,39,74,74,58,58,14,35,6,6,0.8,0.8
2026-03-06T1100,3007A,119.178,34.8442,连云港市,新城一中,NA,NA,56,66,34,53,NA,NA,49,49,20,40,8,8,0.6,1.1
2026-03-06T1100,3008A,119.3607,34.7519,连云港市,胡沟管理处,细颗粒物(PM2.5),58,56,56,39,41,70,70,56,56,13,26,3,4,1.3,1.3
2026-03-06T1100,3009A,119.1478,34.5913,连云港市,矿山设计院,细颗粒物(PM2.5),76,63,50,48,31,72,72,48,48,16,35,9,10,0.9,0.8
2026-03-06T1100,3434A,119.2414,34.6539,连云港市,工贸学校,细颗粒物(PM2.5),70,62,52,45,38,69,69,52,52,12,19,10,10,1.1,0.9
2026-03-06T1100,3664A,119.4171,34.734,连云港市,连云街道,,48,48,60,31,40,71,71,56,56,22,32,6,6,0.4,0.5
2026-03-06T1100,2573A,102.2629,27.8981,凉山彝族自治州,西昌市政府,,33,27,27,23,20,47,47,48,43,16,9,12,10,1.0,0.8
2026-03-06T1100,2574A,102.2686,27.885,凉山彝族自治州,凉山州政府,,35,29,29,24,22,46,46,45,38,16,12,14,11,0.9,0.8
2026-03-06T1100,4229A,102.2342,27.8859,凉山彝族自治州,凯乐南路30号,,30,30,31,19,18,44,44,42,33,20,18,9,10,0.7,0.7
2026-03-06T1100,2212A,123.1978,41.2036,辽阳市,宏伟区,NA,NA,64,39,26,29,66,66,53,53,NA,16,10,9,0.7,0.7
2026-03-06T1100,2213A,123.1684,41.2497,辽阳市,新华园,NA,NA,36,38,24,28,NA,NA,54,54,15,19,9,10,0.6,0.6
2026-03-06T1100,2214A,123.2355,41.2663,辽阳市,滨河路,,44,44,40,23,29,65,65,50,50,16,20,7,7,0.5,0.6
2026-03-06T1100,4083A,123.153,41.2874,辽阳市,铁西路150号,,46,46,36,21,27,65,65,53,53,12,18,8,9,0.5,0.6
2026-03-06T1100,2227A,125.1359,42.8845,辽源市,环保局,,38,38,38,10,20,78,78,75,71,8,9,4,4,0.5,0.5
2026-03-06T1100,4085A,125.0998,42.9134,辽源市,安宁大街333号,,30,30,39,13,24,72,72,63,62,5,7,4,4,0.5,0.5
2026-03-06T1100,1625A,115.9789,36.4372,聊城市,区政府,细颗粒物(PM2.5),88,70,64,54,53,62,62,67,66,13,16,10,10,0.9,1
2026-03-06T1100,3200A,115.9772,36.4986,聊城市,监控中心,细颗粒物(PM2.5),66,58,62,43,50,71,71,69,69,9,14,8,8,0.7,0.8
2026-03-06T1100,3513A,116.0443,36.436,聊城市,九州社区,细颗粒物(PM2.5),80,69,67,50,51,66,66,72,71,15,17,3,2,0.8,0.9
2026-03-06T1100,4018A,116.0564,36.4609,聊城市,星美广场,NA,NA,76,74,53,55,NA,NA,68,68,8,11,5,4,0.8,0.9
2026-03-06T1100,4113A,116.0091,36.4495,聊城市,利民路,细颗粒物(PM2.5),80,60,65,50,52,66,66,70,70,11,15,8,6,0.8,0.9
2026-03-06T1100,2632A,94.3683,29.6373,林芝市,林芝监测站,,26,22,17,18,10,50,50,61,51,15,3,4,4,0.6,0.4
2026-03-06T1100,2633A,94.3616,29.6634,林芝市,林芝人民医院,NA,NA,NA,24,NA,13,NA,NA,59,51,7,3,3,2,0.4,0.3
2026-03-06T1100,2603A,100.0779,23.8981,临沧市,市环保局,细颗粒物(PM2.5),119,104,86,80,74,60,60,69,58,19,11,11,11,0.9,0.7
2026-03-06T1100,2604A,100.0894,23.882,临沧市,市气象局,细颗粒物(PM2.5),128,99,79,90,74,64,64,72,60,23,13,10,8,0.8,0.7
2026-03-06T1100,1733A,111.5552,36.0791,临汾市,临钢医院,,46,46,60,14,23,61,61,56,49,17,16,21,11,0.8,0.8
2026-03-06T1100,1734A,111.4984,36.0734,临汾市,技工学校,颗粒物(PM10),55,57,58,19,27,56,56,54,47,23,16,18,10,0.9,0.8
2026-03-06T1100,1736A,111.5017,36.0857,临汾市,市委,颗粒物(PM10),65,71,63,25,23,59,59,55,48,17,14,16,8,0.8,0.7
2026-03-06T1100,3018A,111.5048,36.1015,临汾市,唐尧大酒店,颗粒物(PM10),56,58,66,22,22,55,55,50,43,23,19,19,11,0.9,0.8
2026-03-06T1100,4244A,111.4879,36.053,临汾市,启星学校,颗粒物(PM10),61,65,59,21,27,58,58,52,46,23,19,20,12,0.5,0.5
2026-03-06T1100,4271A,103.2464,35.6123,临夏回族自治州,滨河东路1号,细颗粒物(PM2.5),128,165,181,90,73,78,78,31,31,18,26,14,10,0.7,0.8
2026-03-06T1100,4310A,103.207136,35.599807,临夏回族自治州,新华街21号,NA,NA,361,179,NA,69,NA,NA,19,19,18,17,12,9,1.3,0.9
2026-03-06T1100,1618A,118.3429,35.0532,临沂市,沂河小区,细颗粒物(PM2.5),60,61,69,40,45,70,70,54,54,10,28,7,9,0.4,0.6
2026-03-06T1100,1619A,118.2962,35.0568,临沂市,鲁南制药厂,NA,NA,NA,68,NA,46,NA,NA,49,49,11,36,8,10,0.4,0.5
2026-03-06T1100,1620A,118.2793,34.9976,临沂市,新光毛纺厂,细颗粒物(PM2.5),58,53,55,39,43,74,74,50,50,10,25,7,8,0.7,0.9
2026-03-06T1100,1621A,118.3955,35.0889,临沂市,河东保险公司,细颗粒物(PM2.5),64,56,65,42,44,75,75,58,58,15,31,7,7,0.5,0.7
2026-03-06T1100,3370A,118.3563,35.0215,临沂市,十里堡居委,细颗粒物(PM2.5),58,56,65,39,45,76,76,56,56,14,29,7,8,0.7,0.9
2026-03-06T1100,3496A,118.359,35.1067,临沂市,南坊新区,颗粒物(PM10),60,63,62,37,43,79,79,62,62,9,27,7,8,0.5,0.6
2026-03-06T1100,3860A,118.3915,35.0297,临沂市,皇山花园小区,NA,NA,56,64,41,46,NA,NA,56,56,15,31,10,11,0.6,0.8
2026-03-06T1100,1870A,109.4854,24.3898,柳州市,柳东小学,,35,28,29,24,24,75,75,65,65,6,7,5,5,0.6,0.6
2026-03-06T1100,1871A,109.4109,24.3304,柳州市,环保监测站,,30,24,32,21,22,74,74,66,66,9,11,5,5,0.7,1
2026-03-06T1100,1872A,109.3886,24.3408,柳州市,河西水厂,,33,32,33,23,25,82,82,70,70,7,10,6,6,0.7,0.7
2026-03-06T1100,1873A,109.4263,24.2951,柳州市,市四中,,37,37,34,23,25,79,79,68,68,7,10,8,7,0.6,0.6
2026-03-06T1100,1874A,109.396,24.3658,柳州市,市九中,,43,43,35,24,25,71,71,56,56,4,8,8,8,0.6,0.6
2026-03-06T1100,1875A,109.4912,24.3164,柳州市,古亭山,,35,29,29,24,21,83,83,73,73,6,6,8,7,0.6,0.6
2026-03-06T1100,3402A,109.5422,24.3994,柳州市,市二中,,35,32,28,24,21,81,81,68,68,9,10,7,6,0.6,0.5
2026-03-06T1100,2307A,116.5078,31.7369,六安市,监测大楼,细颗粒物(PM2.5),52,44,54,36,42,72,72,44,44,12,14,6,5,0.5,0.5
2026-03-06T1100,2308A,116.4738,31.7642,六安市,皖西学院,NA,NA,47,57,37,40,69,69,37,37,15,16,4,4,NA,0.4
2026-03-06T1100,2309A,116.4997,31.7904,六安市,朝阳厂,细颗粒物(PM2.5),56,41,51,38,41,75,75,40,40,14,20,6,5,0.5,0.5
2026-03-06T1100,2310A,116.5566,31.7885,六安市,开发区,,45,36,55,31,37,82,82,40,40,12,22,4,4,0.5,0.4
2026-03-06T1100,2577A,104.8293,26.592,六盘水市,黄土坡,,22,22,39,15,30,41,41,55,48,19,14,5,6,0.9,0.8
2026-03-06T1100,2579A,104.8481,26.5898,六盘水市,民中,,24,24,42,16,29,42,42,54,49,13,12,3,4,0.7,0.7
2026-03-06T1100,2580A,104.9541,26.5506,六盘水市,双水,,20,NA,44,14,32,43,43,56,52,10,10,3,4,0.4,0.5
2026-03-06T1100,4151A,104.8899,26.5685,六盘水市,钟山大道中段564号,NA,NA,20,48,16,30,NA,NA,51,49,9,10,5,6,0.9,0.9
2026-03-06T1100,2336A,117.022,25.1031,龙岩市,龙岩市监测站,,20,20,12,10,9,63,63,37,37,5,7,5,6,0.7,0.7
2026-03-06T1100,2337A,117.0257,25.0662,龙岩市,闽西职业技术学院,,22,16,14,10,9,69,69,37,37,3,5,4,6,0.5,0.5
2026-03-06T1100,2338A,117.0195,25.0306,龙岩市,龙岩学院,,22,21,16,15,9,66,66,29,29,5,6,3,3,/,/
2026-03-06T1100,2885A,104.9344,33.3827,陇南市,滨江中学,颗粒物(PM10),64,69,79,23,28,68,68,54,54,11,15,6,8,0.5,0.6
2026-03-06T1100,3247A,104.9551,33.3709,陇南市,市总工会,NA,NA,NA,83,NA,27,66,66,60,54,NA,12,6,6,NA,0.6
2026-03-06T1100,2488A,111.9984,27.7346,娄底市,市监测站,细颗粒物(PM2.5),102,73,54,62,44,70,70,43,38,16,18,9,6,0.7,0.8
2026-03-06T1100,2491A,111.9888,27.7035,娄底市,市政府,细颗粒物(PM2.5),82,67,45,51,38,70,70,31,29,14,12,6,4,0.5,0.5
2026-03-06T1100,4127A,111.9812,27.7591,娄底市,涟钢职大,细颗粒物(PM2.5),66,59,47,43,32,79,79,43,41,10,12,4,3,0.4,0.4
2026-03-06T1100,4128A,112.0303,27.7457,娄底市,娄底体校,细颗粒物(PM2.5),98,69,55,59,44,64,64,30,28,12,9,5,3,0.6,0.6
2026-03-06T1100,1894A,105.4427,28.9063,泸州市,小市上码头,细颗粒物(PM2.5),58,44,46,39,40,22,22,18,18,19,22,13,10,0.7,0.7
2026-03-06T1100,1895A,105.4241,28.8573,泸州市,兰田宪桥,颗粒物(PM10),57,59,59,37,37,10,10,9,7,30,20,15,8,1.0,1
2026-03-06T1100,1896A,105.4378,28.8833,泸州市,市环监站,颗粒物(PM10),55,56,56,37,37,8,8,14,9,28,23,18,11,0.5,0.4
2026-03-06T1100,4272A,105.3689,28.7783,泸州市,纳溪中医医院,细颗粒物(PM2.5),84,78,51,52,44,10,10,11,8,19,19,6,6,0.9,0.8
2026-03-06T1100,2183A,111.1447,37.5212,吕梁市,环保局,颗粒物(PM10),52,52,49,6,8,53,53,39,39,20,17,5,4,0.2,0.1
2026-03-06T1100,2185A,111.1285,37.5338,吕梁市,自来水公司,颗粒物(PM10),59,62,56,3,10,59,59,37,34,16,16,5,4,0.2,0.2
2026-03-06T1100,2867A,111.1225,37.5093,吕梁市,马茂庄小学,颗粒物(PM10),52,52,54,3,9,53,53,36,34,16,12,6,5,0.3,0.3
2026-03-06T1100,1812A,112.3934,34.6517,洛阳市,市委党校,细颗粒物(PM2.5),104,73,79,64,76,28,28,32,30,27,26,6,6,1.1,1.2
2026-03-06T1100,1815A,112.494,34.6883,洛阳市,河南林校,细颗粒物(PM2.5),98,75,80,59,75,35,35,31,30,24,27,8,9,1.0,1.1
2026-03-06T1100,1816A,112.3843,34.623,洛阳市,开发区管委会,细颗粒物(PM2.5),102,89,98,62,74,31,31,35,34,22,22,9,10,1.1,1.1
2026-03-06T1100,1817A,112.4263,34.6249,洛阳市,市委新办公区,细颗粒物(PM2.5),109,77,93,69,80,28,28,32,31,27,26,7,8,0.8,0.8
2026-03-06T1100,3340A,112.6005,34.6323,洛阳市,伊滨,细颗粒物(PM2.5),106,81,94,66,81,38,38,32,32,20,23,7,8,1.0,1
2026-03-06T1100,3341A,112.495,34.6338,洛阳市,中移产业园,细颗粒物(PM2.5),107,84,79,67,78,27,27,28,28,26,25,8,8,1.0,1.1
2026-03-06T1100,3593A,112.5736,34.8993,洛阳市,吉利监测站,NA,NA,80,72,56,70,46,46,36,36,NA,24,7,7,NA,0.9
2026-03-06T1100,3635A,112.3678,34.6623,洛阳市,河科大西苑校区,细颗粒物(PM2.5),102,76,76,62,66,36,36,36,35,32,31,7,7,1.0,1.2
2026-03-06T1100,3636A,112.4387,34.678,洛阳市,英才小学,细颗粒物(PM2.5),103,83,90,63,73,33,33,34,32,28,26,8,9,1.0,1.1
2026-03-06T1100,4214A,112.460027,34.694929,洛阳市,春都路1号院,细颗粒物(PM2.5),88,94,89,54,73,31,31,31,29,20,24,7,7,1.0,1.1
2026-03-06T1100,2399A,114.051,33.5721,漯河市,三五一五工厂,细颗粒物(PM2.5),117,103,96,78,70,41,41,30,30,20,24,4,4,1.4,1
2026-03-06T1100,2400A,114.0055,33.5698,漯河市,漯河大学,细颗粒物(PM2.5),125,91,81,87,74,40,40,30,30,20,22,5,5,1.2,0.9
2026-03-06T1100,2401A,114.0134,33.5826,漯河市,市水利局,细颗粒物(PM2.5),110,95,80,70,67,40,40,29,29,17,22,5,5,1.2,0.8
2026-03-06T1100,2402A,114.0261,33.5697,漯河市,市广电局,细颗粒物(PM2.5),116,88,80,77,72,38,38,27,27,14,18,5,5,1.0,0.7
2026-03-06T1100,3478A,113.9691,33.568,漯河市,市图书馆,细颗粒物(PM2.5),113,100,92,74,69,37,37,27,27,16,20,5,5,1.4,0.9
2026-03-06T1100,4250A,114.089259,33.588274,漯河市,韶山路11号,细颗粒物(PM2.5),113,98,90,74,70,37,37,25,25,18,25,6,6,1.1,0.8
2026-03-06T1100,1798A,118.5084,31.6838,马鞍山市,湖东路四小,,49,45,60,34,44,83,83,31,31,10,26,6,9,0.5,0.8
2026-03-06T1100,1799A,118.5019,31.6449,马鞍山市,开发区,,49,41,65,34,42,87,87,30,30,12,29,4,7,0.5,0.7
2026-03-06T1100,3633A,118.4914,31.681,马鞍山市,雨山,NA,NA,48,69,36,42,NA,NA,25,20,7,30,4,7,NA,0.8
2026-03-06T1100,4191A,118.527362,31.722269,马鞍山市,慈湖高新区,"颗粒物(PM10),细颗粒物(PM2.5)",52,52,67,36,43,81,81,26,26,12,30,6,7,0.4,0.6
2026-03-06T1100,1686A,111.0285,21.469,茂名市,电白南海,,34,34,32,16,18,60,60,36,36,9,13,7,6,0.7,0.8
2026-03-06T1100,1687A,110.9294,21.6533,茂名市,茂石化七小,,38,36,32,26,23,51,51,41,39,17,17,12,10,0.9,0.8
2026-03-06T1100,1688A,110.9108,21.6688,茂名市,健康路,,36,36,28,24,22,53,53,41,39,16,17,10,9,1.0,0.9
2026-03-06T1100,1689A,110.8592,21.6826,茂名市,高岭,,39,39,38,27,24,48,48,33,33,15,17,8,8,/,/
2026-03-06T1100,3450A,111.0101,21.5165,茂名市,电白水东,NA,NA,NA,22,16,17,NA,NA,40,40,14,15,NA,4,/,/
2026-03-06T1100,2540A,103.8414,30.0871,眉山市,气象局,颗粒物(PM10),60,64,64,30,28,26,26,10,9,25,28,7,8,0.8,0.7
2026-03-06T1100,3148A,103.829,30.0563,眉山市,区人社局,,50,50,64,30,28,31,31,15,15,22,29,9,10,0.8,0.8
2026-03-06T1100,4148A,103.8836,30.0695,眉山市,眉职院,颗粒物(PM10),59,62,58,29,28,42,42,20,20,12,20,7,7,0.7,0.8
2026-03-06T1100,1690A,116.1248,24.3307,梅州市,梅江月梅,,14,14,13,9,10,42,42,26,26,8,11,/,/,/,/
2026-03-06T1100,1691A,116.0798,24.2719,梅州市,梅县新城,,14,8,15,8,10,42,42,32,32,10,11,7,8,0.7,0.7
2026-03-06T1100,3315A,116.1234,24.2994,梅州市,梅龙,,15,14,14,9,10,47,47,34,34,6,9,5,5,0.8,0.8
2026-03-06T1100,1878A,104.7775,31.4741,绵阳市,富乐山,细颗粒物(PM2.5),64,61,64,42,30,47,47,49,45,12,13,10,10,0.7,0.6
2026-03-06T1100,1880A,104.6698,31.4668,绵阳市,高新区自来水公司,细颗粒物(PM2.5),68,73,78,44,35,34,34,37,34,26,28,9,9,1.0,0.9
2026-03-06T1100,3491A,104.6899,31.5324,绵阳市,西科大附属小学,颗粒物(PM10),73,82,79,44,36,9,9,18,6,42,37,8,8,0.9,0.7
2026-03-06T1100,3492A,104.5647,31.5343,绵阳市,安州区旅游局,颗粒物(PM10),78,89,73,39,36,15,15,24,21,40,28,7,4,0.7,0.7
2026-03-06T1100,4146A,104.7092,31.4972,绵阳市,科技城新区公安局,颗粒物(PM10),80,91,76,44,33,13,13,32,14,39,29,8,8,0.9,0.7
2026-03-06T1100,4226A,104.765114,31.453094,绵阳市,绵阳市气象局,细颗粒物(PM2.5),78,67,72,49,35,25,25,40,33,20,20,8,7,0.8,0.7
2026-03-06T1100,1784A,129.61,44.561,牡丹江市,环保大楼,,42,42,51,24,34,81,81,68,68,11,22,4,6,0.4,0.5
2026-03-06T1100,1787A,129.6364,44.6075,牡丹江市,机车工厂,NA,NA,72,54,39,35,80,80,64,64,NA,20,8,9,0.4,0.5
2026-03-06T1100,1788A,129.6386,44.5462,牡丹江市,第一中学,,31,31,35,21,31,76,76,62,62,10,25,4,4,0.5,0.6
2026-03-06T1100,4287A,129.5992,44.5964,牡丹江市,东晓云街98号,,43,43,55,21,38,81,81,63,63,10,24,6,10,0.4,0.5
2026-03-06T1100,2531A,105.0703,29.61,内江市,市监测站,细颗粒物(PM2.5),96,NA,57,58,53,18,18,27,18,24,21,8,7,0.8,0.7
2026-03-06T1100,2533A,105.0657,29.5807,内江市,内江二中,细颗粒物(PM2.5),70,56,65,45,43,22,22,20,18,25,27,9,8,0.7,0.6
2026-03-06T1100,2534A,105.0407,29.5828,内江市,内江日报社,细颗粒物(PM2.5),68,61,52,44,43,23,23,22,17,24,23,9,6,0.7,0.6
2026-03-06T1100,4147A,105.0433,29.6105,内江市,玉峰路西段888号,细颗粒物(PM2.5),104,81,49,64,51,8,8,24,13,32,23,8,7,0.6,0.5
2026-03-06T1100,2628A,92.0653,31.4846,那曲市,那曲监测站,颗粒物(PM10),131,200,56,83,33,54,54,30,30,47,23,20,7,1.5,1.1
2026-03-06T1100,4243A,92.0515,31.4787,那曲市,那曲市委宣传部,细颗粒物(PM2.5),156,NA,28,119,23,NA,NA,32,32,28,11,18,6,1.4,0.9
2026-03-06T1100,1291A,115.8887,28.7006,南昌市,省林业公司,细颗粒物(PM2.5),52,41,53,36,49,77,77,48,48,11,19,5,5,0.5,0.6
2026-03-06T1100,1292A,115.813,28.7443,南昌市,林科所,,44,44,54,26,35,79,79,57,57,13,19,10,8,0.7,0.7
2026-03-06T1100,1294A,115.8518,28.687,南昌市,建工学校,细颗粒物(PM2.5),56,52,71,38,46,69,69,52,52,16,20,9,8,0.6,0.6
2026-03-06T1100,1295A,115.8926,28.6425,南昌市,象湖,NA,NA,NA,58,38,50,73,73,52,52,18,21,9,9,NA,1.1
2026-03-06T1100,3046A,115.9084,28.6062,南昌市,机电学校,细颗粒物(PM2.5),56,56,71,38,45,77,77,52,52,13,20,7,6,0.6,0.7
2026-03-06T1100,3690A,115.9718,28.7032,南昌市,外国语学校,细颗粒物(PM2.5),68,54,64,44,49,71,71,47,47,17,27,8,8,0.8,0.9
2026-03-06T1100,4106A,115.7923,28.6873,南昌市,工业二路,颗粒物(PM10),55,56,68,31,44,82,82,60,60,14,21,6,4,0.7,0.7
2026-03-06T1100,4192A,115.931587,28.686774,南昌市,南京东路235号,细颗粒物(PM2.5),56,56,64,38,49,76,76,54,54,14,18,8,7,0.6,0.7
2026-03-06T1100,1906A,106.0791,30.8022,南充市,南充市委,细颗粒物(PM2.5),60,52,59,40,43,35,35,43,32,23,20,8,8,0.6,0.6
2026-03-06T1100,1907A,106.1038,30.8215,南充市,南充炼油厂,颗粒物(PM10),61,65,62,37,30,26,26,43,29,26,18,8,7,0.8,0.7
2026-03-06T1100,4227A,106.108336,30.788436,南充市,梨树横街98号,NA,NA,67,55,54,45,29,29,47,34,NA,18,8,8,0.6,0.5
2026-03-06T1100,4304A,106.1172,30.843,南充市,清泉寺北路188号,细颗粒物(PM2.5),90,66,48,55,41,36,36,51,38,16,15,8,7,0.7,0.6
2026-03-06T1100,4305A,106.067,30.7616,南充市,同庆路1号,细颗粒物(PM2.5),104,64,56,64,59,32,32,42,32,25,17,9,9,0.8,0.7
2026-03-06T1100,1151A,118.8033,32.1085,南京市,迈皋桥,细颗粒物(PM2.5),58,55,50,39,31,90,90,46,46,18,20,3,3,0.4,0.4
2026-03-06T1100,1152A,118.7487,32.057,南京市,草场门,细颗粒物(PM2.5),72,63,47,46,31,83,83,41,41,23,29,8,8,0.4,0.5
2026-03-06T1100,1154A,118.770105,32.004342,南京市,中华门,细颗粒物(PM2.5),60,56,50,40,32,75,75,35,35,16,14,5,6,0.6,0.5
2026-03-06T1100,1155A,118.8059,32.0329,南京市,瑞金路,细颗粒物(PM2.5),80,61,52,50,42,73,73,39,39,22,26,3,4,0.9,0.9
2026-03-06T1100,1156A,118.7946,32.0774,南京市,玄武湖,细颗粒物(PM2.5),68,60,49,44,33,76,76,33,33,10,20,7,7,0.7,0.5
2026-03-06T1100,1157A,118.6415,32.0964,南京市,浦口,颗粒物(PM10),61,65,56,37,36,69,69,44,44,15,16,4,4,0.4,0.4
2026-03-06T1100,1158A,118.730129,32.000956,南京市,奥体中心,颗粒物(PM10),60,64,53,30,29,80,80,42,42,21,27,8,7,0.4,0.4
2026-03-06T1100,1159A,118.9072,32.1047,南京市,仙林大学城,颗粒物(PM10),58,61,55,33,33,79,79,30,30,12,29,5,6,0.7,0.8
2026-03-06T1100,3422A,118.8443,31.919,南京市,江宁彩虹桥,NA,NA,NA,54,NA,32,NA,NA,35,26,13,23,NA,4,0.7,0.7
2026-03-06T1100,3427A,118.8497,32.3599,南京市,六合雄州,细颗粒物(PM2.5),94,76,57,57,40,56,56,22,22,17,26,3,4,0.9,0.8
2026-03-06T1100,4086A,118.7641,32.0841,南京市,新模范马路66号,颗粒物(PM10),70,78,55,40,31,95,95,45,45,24,26,5,4,0.7,0.7
2026-03-06T1100,4249A,118.8707617,31.34017673,南京市,汶溪路181号,细颗粒物(PM2.5),68,50,61,44,47,67,67,43,43,16,22,6,5,0.4,0.6
2026-03-06T1100,4312A,119.019,31.6512,南京市,中山西路1号,,39,39,49,26,34,79,79,45,45,8,14,4,4,0.8,0.9
2026-03-06T1100,1401A,108.3098,22.788,南宁市,二十一中,颗粒物(PM10),112,151,57,26,45,65,65,64,64,11,20,5,6,0.7,0.7
2026-03-06T1100,1402A,108.3135,22.8529,南宁市,北湖,,46,NA,54,32,45,66,66,61,61,14,22,6,5,0.6,0.7
2026-03-06T1100,1403A,108.3205,22.8222,南宁市,市监测站,,36,NA,54,25,40,70,70,64,64,12,20,8,8,0.6,0.8
2026-03-06T1100,1404A,108.3828,22.8038,南宁市,大自然花园,,40,40,54,26,42,73,73,71,70,6,13,7,8,0.4,0.5
2026-03-06T1100,1406A,108.2397,22.8462,南宁市,区农职院,,38,30,58,26,41,70,70,50,50,10,15,8,8,0.6,0.8
2026-03-06T1100,1407A,108.3285,22.7356,南宁市,英华嘉园,,47,47,65,27,45,69,69,68,68,11,20,4,5,0.7,0.8
2026-03-06T1100,3401A,108.4829,22.762,南宁市,红星社区,,42,NA,45,29,38,71,71,68,64,9,14,6,7,0.5,0.7
2026-03-06T1100,4132A,108.2927,23.1477,南宁市,起凤路9号,,43,32,56,30,49,69,69,40,40,8,20,3,6,0.7,0.8
2026-03-06T1100,4221A,108.2177,22.7774,南宁市,乐贤路16号,NA,NA,NA,64,NA,47,67,67,33,33,NA,24,6,6,NA,0.7
2026-03-06T1100,2332A,118.1682,26.6371,南平市,南平市监测站,,20,20,16,13,11,48,48,31,31,5,7,4,4,0.3,0.2
2026-03-06T1100,2334A,118.1757,26.6276,南平市,南平七中,,22,NA,16,15,10,49,49,17,17,7,11,3,4,0.6,0.5
2026-03-06T1100,1168A,120.9056,31.9669,南通市,狼山街道,,43,43,52,29,31,74,74,55,55,9,17,4,4,0.7,0.6
2026-03-06T1100,1170A,120.8635,32.0231,南通市,城中,,47,47,59,31,34,75,75,53,53,11,20,2,3,0.8,0.7
2026-03-06T1100,1171A,120.9376,31.9301,南通市,星湖花园,,42,41,51,29,30,73,73,58,58,12,21,3,4,0.7,0.6
2026-03-06T1100,1172A,120.8053,32.046,南通市,紫琅学院,细颗粒物(PM2.5),54,51,57,37,35,71,71,49,49,11,19,5,5,0.8,0.7
2026-03-06T1100,3291A,121.0631,32.0644,南通市,通州监测站,,36,31,45,25,27,74,74,51,51,11,18,4,4,0.8,0.8
2026-03-06T1100,3432A,120.9348,31.9874,南通市,环境教育馆,,46,39,50,32,33,77,77,58,58,16,23,4,4,0.6,0.5
2026-03-06T1100,4091A,120.8692,31.9885,南通市,洪江路,,44,44,48,30,32,68,68,52,52,7,18,3,3,0.8,0.7
2026-03-06T1100,2404A,112.5338,33.0086,南阳市,瓦房庄,细颗粒物(PM2.5),76,74,85,48,66,25,25,32,30,16,20,3,4,1.1,0.9
2026-03-06T1100,2405A,112.5002,32.9734,南阳市,汉画馆,细颗粒物(PM2.5),112,85,92,73,83,25,25,30,30,18,24,4,4,NA,1
2026-03-06T1100,2406A,112.5778,33.0144,南阳市,气象站,颗粒物(PM10),73,81,96,41,58,25,25,29,27,18,23,4,4,1.1,0.9
2026-03-06T1100,2407A,112.548,32.9687,南阳市,理工学院,颗粒物(PM10),67,73,85,42,58,22,22,24,24,16,24,4,5,1.1,0.9
2026-03-06T1100,4008A,112.5233,32.9921,南阳市,卧龙区政府,颗粒物(PM10),70,78,96,42,60,22,22,27,27,16,22,5,5,1.1,0.9
2026-03-06T1100,1234A,121.8352,29.9111,宁波市,区环保大楼,,25,23,34,14,23,80,80,54,54,12,36,6,7,0.6,0.5
2026-03-06T1100,1235A,121.5595,29.8208,宁波市,万里学院,,31,31,41,18,29,59,59,37,37,16,28,4,4,0.6,0.6
2026-03-06T1100,1236A,121.713,29.9564,宁波市,龙赛医院,,26,26,31,16,21,73,73,55,55,15,30,4,4,0.6,0.5
2026-03-06T1100,1240A,121.5855,29.8635,宁波市,太古小学,,28,28,38,17,26,77,77,50,50,18,29,3,2,0.6,0.6
2026-03-06T1100,1241A,121.5239,29.8673,宁波市,市环境监测中心,,41,41,44,19,29,74,74,43,43,12,27,4,4,0.6,0.6
2026-03-06T1100,2871A,121.6156,29.9015,宁波市,万里国际学校,,35,35,40,19,25,76,76,50,50,15,33,4,3,0.8,0.7
2026-03-06T1100,3710A,121.5593,29.8976,宁波市,白沙活动中心,,34,34,30,20,27,75,75,49,49,15,28,4,4,0.6,0.5
2026-03-06T1100,4095A,121.8962,29.7529,宁波市,中科路88号,,28,28,31,19,23,77,77,58,58,15,26,5,5,0.8,0.7
2026-03-06T1100,2341A,119.5387,26.6611,宁德市,宁德市监测站,NA,NA,22,14,7,11,NA,NA,8,8,13,26,4,3,0.5,0.8
2026-03-06T1100,3209A,119.5231,26.6562,宁德市,宁德一中,,15,15,14,10,10,41,41,14,14,14,20,5,4,0.2,0.4
2026-03-06T1100,2618A,98.859,25.8541,怒江傈僳族自治州,州监测站,细颗粒物(PM2.5),76,65,68,48,56,74,74,85,75,14,10,8,7,0.5,0.5
2026-03-06T1100,2619A,98.8607,25.8168,怒江傈僳族自治州,泸水一中,细颗粒物(PM2.5),82,68,67,51,56,65,65,60,57,16,13,6,5,0.6,0.6
2026-03-06T1100,1888A,101.6891,26.571,攀枝花市,弄弄坪,细颗粒物(PM2.5),117,124,77,78,45,48,48,58,48,46,27,34,27,2.0,1.1
2026-03-06T1100,1889A,101.577,26.5914,攀枝花市,河门口,细颗粒物(PM2.5),94,80,74,57,52,62,62,44,40,25,19,19,26,1.6,1.5
2026-03-06T1100,1891A,101.7365,26.4986,攀枝花市,仁和,细颗粒物(PM2.5),122,101,70,84,56,47,47,46,41,64,21,85,18,5.3,1.1
2026-03-06T1100,2835A,101.7222,26.567,攀枝花市,四十中小,细颗粒物(PM2.5),124,94,59,86,40,58,58,72,60,30,20,31,33,1.1,0.9
2026-03-06T1100,1604A,122.0303,41.1489,盘锦市,开发区,NA,NA,34,25,16,15,74,74,65,65,15,9,NA,4,0.5,0.7
2026-03-06T1100,1605A,122.0486,41.0883,盘锦市,兴隆台,,25,24,19,17,16,80,80,69,69,10,12,6,6,0.3,0.3
2026-03-06T1100,1606A,121.8297,41.1026,盘锦市,新生街道,,25,21,20,12,14,79,79,64,64,8,16,7,7,0.4,0.4
2026-03-06T1100,1832A,113.3257,33.7423,平顶山市,新华旅馆,细颗粒物(PM2.5),104,74,88,64,69,37,37,29,29,20,20,4,5,0.8,0.6
2026-03-06T1100,1833A,113.2917,33.737,平顶山市,规划设计院,细颗粒物(PM2.5),82,87,94,51,69,42,42,32,32,16,19,5,5,0.9,0.8
2026-03-06T1100,1834A,113.182,33.7738,平顶山市,平顶山工学院,细颗粒物(PM2.5),92,74,77,56,63,45,45,35,35,14,15,2,3,0.6,0.5
2026-03-06T1100,3594A,112.8736,33.9068,平顶山市,石龙区,细颗粒物(PM2.5),104,84,86,64,67,37,37,36,36,18,20,5,5,1.3,0.8
2026-03-06T1100,4116A,113.284,33.7139,平顶山市,姚电大道23号,细颗粒物(PM2.5),90,90,91,55,63,38,38,31,31,17,20,5,5,0.8,0.7
2026-03-06T1100,2656A,106.6633,35.5338,平凉市,聚贤嘉苑,颗粒物(PM10),90,105,76,38,26,74,74,38,38,13,19,8,6,0.5,0.4
2026-03-06T1100,2657A,106.7021,35.5307,平凉市,博物馆,颗粒物(PM10),71,79,76,42,27,72,72,36,33,10,18,10,9,0.4,0.5
2026-03-06T1100,2348A,113.8384,27.6436,萍乡市,中医院,NA,NA,NA,42,41,27,49,49,13,13,12,16,NA,4,0.5,0.6
2026-03-06T1100,2350A,113.8677,27.6438,萍乡市,市环保局,细颗粒物(PM2.5),76,55,38,48,32,38,38,11,11,8,13,3,3,0.6,0.6
2026-03-06T1100,2351A,113.8663,27.6202,萍乡市,安源区政府,细颗粒物(PM2.5),88,62,41,54,29,29,29,8,8,11,12,6,4,0.8,0.7
2026-03-06T1100,4107A,113.8686,27.6668,萍乡市,联洪村委会,细颗粒物(PM2.5),80,74,42,50,28,43,43,11,11,8,13,3,1,0.4,0.4
2026-03-06T1100,2319A,119.0142,25.4324,莆田市,荔城区仓后路,,26,26,17,16,7,37,37,37,33,16,10,/,/,/,/
2026-03-06T1100,2320A,119.0016,25.4553,莆田市,莆田市监测站,,28,28,15,15,5,35,35,41,36,15,6,2,2,0.5,0.5
2026-03-06T1100,2321A,119.112,25.4561,莆田市,涵江区六中,NA,NA,61,20,11,8,45,45,18,18,NA,15,/,/,NA,0.5
2026-03-06T1100,2322A,119.1014,25.3215,莆田市,秀屿区政府,,26,26,24,17,14,48,48,45,45,11,10,3,3,0.6,0.5
2026-03-06T1100,2392A,115.0312,35.7636,濮阳市,环保局,细颗粒物(PM2.5),76,NA,57,48,54,59,59,50,50,14,20,6,6,0.7,1
2026-03-06T1100,3021A,115,35.7667,濮阳市,濮水河管理处,颗粒物(PM10),55,57,67,32,54,65,65,55,55,12,16,7,6,0,0.7
2026-03-06T1100,4118A,115.0552,35.7816,濮阳市,中原东路68号,颗粒物(PM10),51,51,67,32,52,62,62,52,52,11,17,4,4,0.5,0.7
2026-03-06T1100,4216A,115.0923632,35.76857718,濮阳市,任丘路479号,颗粒物(PM10),53,54,70,28,54,64,64,55,55,9,16,4,4,0.8,1
2026-03-06T1100,2601A,100.9801,22.7634,普洱市,市环保局,细颗粒物(PM2.5),64,67,97,42,51,82,82,89,77,6,7,5,6,0.7,0.7
2026-03-06T1100,2602A,100.9763,22.8237,普洱市,普洱第二中学,细颗粒物(PM2.5),74,73,99,47,62,85,85,47,47,6,20,6,6,0.7,0.6
2026-03-06T1100,3345A,131.0413,45.7795,七台河市,中波台,颗粒物(PM10),68,74,49,38,29,76,76,38,38,20,20,11,7,0.5,0.5
2026-03-06T1100,3637A,131.0136,45.7688,七台河市,人民广场,颗粒物(PM10),99,118,54,35,28,73,73,37,37,22,27,13,7,0.5,0.5
2026-03-06T1100,3684A,130.8639,45.8144,七台河市,新建矿广场,NA,NA,NA,63,NA,26,NA,NA,87,NA,NA,14,NA,4,NA,0.3
2026-03-06T1100,1779A,123.9307,47.3641,齐齐哈尔市,安居小区,,31,31,27,3,10,78,78,63,63,7,15,4,7,0.3,0.3
2026-03-06T1100,1780A,123.9497,47.3389,齐齐哈尔市,中心广场,,23,23,18,7,9,72,72,69,68,10,13,7,9,0.4,0.4
2026-03-06T1100,1781A,123.9483,47.3229,齐齐哈尔市,农牧车辆厂,NA,NA,31,23,11,10,NA,NA,67,66,6,7,7,7,0.3,0.3
2026-03-06T1100,1783A,123.9442,47.2994,齐齐哈尔市,市环境监测站,,27,27,25,3,9,76,76,70,70,10,13,4,4,0.3,0.3
2026-03-06T1100,3662A,123.6341,47.2079,齐齐哈尔市,富区青少年活动中心,,33,33,29,3,10,78,78,68,68,4,9,3,4,0.3,0.4
2026-03-06T1100,2591A,107.9765,26.5724,黔东南苗族侗族自治州,市环境监测站,,48,47,30,33,24,38,38,35,35,11,9,7,4,0.7,0.6
2026-03-06T1100,2881A,107.8909,26.531,黔东南苗族侗族自治州,凯里学院,,49,48,32,34,25,42,42,37,37,12,11,6,4,0.6,0.6
2026-03-06T1100,2593A,107.5223,26.2371,黔南布依族苗族自治州,小围寨,,49,36,29,34,26,37,37,34,32,12,8,6,6,0.6,0.6
2026-03-06T1100,3538A,107.5175,26.2977,黔南布依族苗族自治州,沙坝,,43,39,36,30,26,41,41,24,24,8,8,4,5,0.7,0.7
2026-03-06T1100,2589A,104.9022,25.0943,黔西南布依族苗族自治州,场坝街,,22,21,37,15,29,47,47,51,48,6,8,2,4,0.5,0.6
2026-03-06T1100,2590A,104.8812,25.0994,黔西南布依族苗族自治州,坪东大道,,23,23,34,15,29,42,42,48,43,8,8,4,5,0.7,0.7
2026-03-06T1100,2502A,108.6238,21.9667,钦州市,市环保站,,41,41,57,16,33,61,61,65,55,12,17,4,4,0.5,0.6
2026-03-06T1100,2503A,108.655,21.9481,钦州市,沙埠小学,,44,44,56,14,37,62,62,66,56,9,16,7,8,0.6,0.6
2026-03-06T1100,2504A,108.5989,21.7435,钦州市,港区一小,NA,NA,43,50,28,30,65,65,65,53,NA,21,4,3,NA,0.6
2026-03-06T1100,3404A,108.5959,21.9634,钦州市,北职校,,36,36,49,15,33,66,66,59,53,8,15,4,4,0.7,0.8
2026-03-06T1100,1046A,119.5247,39.9346,秦皇岛市,建设大厦,,26,20,40,10,24,82,82,73,73,3,8,6,4,0.4,0.4
2026-03-06T1100,3132A,119.5979,39.938,秦皇岛市,文明里,,27,21,43,3,22,86,86,74,74,7,13,9,8,0.3,0.4
2026-03-06T1100,4066A,119.7458,39.9952,秦皇岛市,南园路157号,NA,NA,9,37,3,22,88,88,61,61,NA,23,NA,6,0.3,0.4
2026-03-06T1100,4067A,119.5131,39.8858,秦皇岛市,翠岛大街1号,,26,26,36,12,22,79,79,75,75,7,13,8,7,0.4,0.4
2026-03-06T1100,4198A,119.509013,39.825305,秦皇岛市,北戴河轮滑馆,,40,40,42,21,22,77,77,76,76,14,14,7,6,0.4,0.4
2026-03-06T1100,1310A,120.404,36.0625,青岛市,市南区东部子站,颗粒物(PM10),55,56,54,31,36,76,76,72,72,11,14,8,8,0.6,0.7
2026-03-06T1100,1311A,120.362344,36.10282,青岛市,四方区子站,,46,46,51,28,36,80,80,77,77,8,17,4,4,0.6,0.7
2026-03-06T1100,1312A,120.294373,36.054183,青岛市,市南区西部子站,,44,44,50,28,36,76,76,74,74,9,17,2,2,0.5,0.7
2026-03-06T1100,1313A,120.4581,36.0858,青岛市,崂山区子站,,46,46,53,29,35,79,79,75,75,5,10,6,6,0.5,0.6
2026-03-06T1100,1315A,120.3945,36.3083,青岛市,城阳区子站,NA,NA,46,57,28,38,80,80,77,77,NA,26,NA,5,NA,0.7
2026-03-06T1100,3642A,120.3454,36.0735,青岛市,市北区南部,,45,45,54,27,34,72,72,70,70,12,15,5,2,0.6,0.7
2026-03-06T1100,3643A,120.3897,36.18,青岛市,李沧区北部,,48,48,53,28,37,76,76,71,71,11,23,8,8,0.5,0.6
2026-03-06T1100,4110A,120.5222,36.4089,青岛市,盟旺路653号,NA,NA,46,58,27,38,NA,NA,85,85,13,17,2,2,0.6,0.7
2026-03-06T1100,4290A,120.196923,35.954556,青岛市,珠江路669号,,43,41,41,30,36,76,76,74,74,16,19,7,7,0.4,0.5
2026-03-06T1100,4291A,120.0424,35.8656,青岛市,黄岛区人民政府广场,,48,48,47,24,29,80,80,78,78,7,11,7,6,0.5,0.6
2026-03-06T1100,1703A,113.0218,23.7086,清远市,凤城街办,,23,18,19,16,15,67,67,50,50,11,12,/,/,/,/
2026-03-06T1100,3025A,113.0479,23.6343,清远市,技师学院,,24,24,22,15,13,71,71,43,43,13,13,4,4,0.7,0.7
2026-03-06T1100,3318A,112.9898,23.7403,清远市,清新太和,NA,NA,16,18,14,15,NA,NA,52,52,8,10,5,5,0.6,0.7
2026-03-06T1100,3455A,113.076,23.72,清远市,清城东城,,23,23,22,14,15,71,71,49,49,14,14,/,/,/,/
2026-03-06T1100,2661A,107.6325,35.7357,庆阳市,庆阳五中,颗粒物(PM10),55,57,64,22,19,57,57,78,69,21,8,16,7,0.3,0.3
2026-03-06T1100,2662A,107.6361,35.7067,庆阳市,市环保局,颗粒物(PM10),57,59,60,17,17,64,64,78,71,15,9,5,5,0.3,0.2
2026-03-06T1100,1916A,103.7897,25.5036,曲靖市,环境监测站,,26,26,45,15,33,48,48,70,60,14,10,6,6,0.7,0.5
2026-03-06T1100,1917A,103.8013,25.5357,曲靖市,烟厂办公区,,34,34,42,15,28,37,37,62,53,14,9,4,4,0.8,0.6
2026-03-06T1100,3376A,103.7926,25.4651,曲靖市,南苑二区,,30,30,41,17,33,42,42,62,54,15,14,3,4,0.8,0.7
2026-03-06T1100,3377A,103.7442,25.5259,曲靖市,曲靖师范学院,,30,30,43,18,34,56,56,68,61,9,9,1,2,0.5,0.5
2026-03-06T1100,1264A,118.8694,28.94,衢州市,环保大楼,细颗粒物(PM2.5),64,58,45,42,32,66,66,45,45,15,20,/,/,/,/
2026-03-06T1100,1266A,118.8622,28.9809,衢州市,衢州学院,NA,NA,NA,41,NA,31,NA,NA,39,39,14,22,4,4,0.6,0.5
2026-03-06T1100,4097A,118.9646,28.9832,衢州市,衢州三中,细颗粒物(PM2.5),68,58,43,44,32,58,58,38,38,12,16,6,5,0.7,0.6
2026-03-06T1100,1611A,118.5818,24.9116,泉州市,涂山街,,39,35,20,27,14,33,33,30,30,17,15,3,3,0.8,0.5
2026-03-06T1100,1612A,118.597,24.8976,泉州市,津头埔,,46,36,24,32,17,34,34,28,28,17,19,3,2,0.7,0.5
2026-03-06T1100,1613A,118.6669,24.9422,泉州市,万安,,38,34,27,26,18,37,37,20,20,14,20,3,3,0.6,0.5
2026-03-06T1100,4105A,118.6355,24.9148,泉州市,霞新路6号,,38,33,23,26,16,34,34,16,16,16,24,/,/,0.6,0.5
2026-03-06T1100,2626A,88.8873,29.2723,日喀则市,日喀则监测站,,34,34,32,18,13,48,48,27,27,15,23,8,10,0.5,0.8
2026-03-06T1100,3726A,88.8775,29.2425,日喀则市,林业技术推广中心,,37,37,20,14,6,50,50,41,41,14,9,9,6,0.5,0.4
2026-03-06T1100,1659A,119.4711,35.421,日照市,监测站,,48,48,62,31,38,76,76,74,74,12,33,6,7,0.7,0.8
2026-03-06T1100,1660A,119.523,35.4216,日照市,市政府广场,,46,46,64,31,39,79,79,77,77,13,30,5,5,0.6,0.7
2026-03-06T1100,1661A,119.5511,35.4113,日照市,港务局,颗粒物(PM10),51,51,71,30,39,78,78,76,76,14,32,3,4,0.6,0.7
2026-03-06T1100,3507A,119.5326,35.4627,日照市,职业技术学院,NA,NA,46,60,32,39,NA,NA,78,78,14,26,6,6,0.7,0.9
2026-03-06T1100,3604A,119.3267,35.1043,日照市,岚山环保分局,,46,46,61,25,40,80,80,71,71,12,36,10,13,0.8,1
2026-03-06T1100,1835A,111.1922,34.7752,三门峡市,市政府,细颗粒物(PM2.5),88,66,76,54,61,34,34,36,35,16,23,6,9,1.0,0.8
2026-03-06T1100,1836A,111.1588,34.794,三门峡市,开发区,细颗粒物(PM2.5),105,86,90,65,66,36,36,43,37,18,24,8,12,1.0,0.8
2026-03-06T1100,3039A,111.1911,34.7829,三门峡市,三门峡市第一小学,细颗粒物(PM2.5),94,69,81,57,63,36,36,42,38,18,24,10,13,0.9,0.7
2026-03-06T1100,3598A,111.1031,34.719,三门峡市,富达温泉假日酒店,NA,NA,NA,91,NA,63,NA,NA,92,NA,NA,23,NA,13,NA,0.7
2026-03-06T1100,2324A,117.621,26.2626,三明市,三钢,NA,NA,NA,18,13,14,50,50,38,38,5,9,3,4,0.5,0.5
2026-03-06T1100,2325A,117.6352,26.2714,三明市,三明二中,,16,NA,16,11,11,47,47,38,38,6,7,5,6,0.4,0.3
2026-03-06T1100,2326A,117.6028,26.2377,三明市,三元区政府,,18,NA,16,12,13,53,53,43,43,6,8,3,3,0.6,0.5
2026-03-06T1100,1877A,109.4962,18.2682,三亚市,河西子站,,30,13,16,11,9,95,95,88,88,7,4,4,4,0.6,0.4
2026-03-06T1100,3540A,109.7348,18.3443,三亚市,君悦子站,,30,30,23,19,11,91,91,86,86,7,5,4,4,0.6,0.5
2026-03-06T1100,4135A,109.1714,18.3739,三亚市,城东小学站,,25,NA,14,14,9,79,79,58,58,6,9,/,/,/,/
2026-03-06T1100,2624A,91.7592,29.234,山南市,山南监测站,,28,28,17,3,4,43,43,33,27,19,15,2,2,0.4,0.4
2026-03-06T1100,2625A,91.7701,29.2436,山南市,山南人民医院,,28,28,22,14,7,50,50,43,40,12,12,3,4,0.5,0.5
2026-03-06T1100,1674A,116.6795,23.3666,汕头市,金平子站,,23,20,20,16,13,52,52,47,36,10,11,5,5,0.8,0.7
2026-03-06T1100,1675A,116.7248,23.3632,汕头市,龙湖子站,,31,31,18,19,14,48,48,49,35,16,13,6,5,/,/
2026-03-06T1100,1676A,116.7257,23.2774,汕头市,濠江子站,,36,36,20,18,13,44,44,46,34,15,14,7,7,/,/
2026-03-06T1100,1677A,116.7518,23.4712,汕头市,澄海子站,,35,35,25,18,15,46,46,50,37,8,8,8,7,0.8,0.7
2026-03-06T1100,1678A,116.6088,23.2539,汕头市,潮阳子站,,25,20,19,17,16,48,48,45,34,9,8,7,6,0.7,0.6
2026-03-06T1100,3444A,116.4539,23.2684,汕头市,潮南峡山,,22,21,26,15,19,48,48,34,34,8,9,6,7,0.7,0.7
2026-03-06T1100,3624A,116.4069,23.2533,汕头市,潮南子站,,24,24,29,16,22,46,46,33,33,9,10,6,6,/,/
2026-03-06T1100,1693A,115.3653,22.7751,汕尾市,市环保局,,19,15,14,13,10,54,54,46,46,7,7,6,6,0.7,0.7
2026-03-06T1100,1695A,115.362,22.7926,汕尾市,新城中学,,25,25,14,12,10,54,54,48,48,5,6,6,6,0.7,0.7
2026-03-06T1100,2645A,109.9155,33.8714,商洛市,监测站,颗粒物(PM10),68,74,41,29,18,38,38,34,34,14,19,6,6,0.6,0.4
2026-03-06T1100,3045A,109.9647,33.8486,商洛市,商州区中学,NA,NA,NA,56,37,19,38,38,28,28,14,22,4,5,0.4,0.4
2026-03-06T1100,2408A,115.6701,34.4283,商丘市,环境监测站,细颗粒物(PM2.5),100,77,80,60,66,62,62,52,52,11,15,3,2,0.5,0.7
2026-03-06T1100,2409A,115.6458,34.4047,商丘市,粮食局,细颗粒物(PM2.5),86,71,71,53,63,61,61,50,50,10,14,3,2,0.6,0.7
2026-03-06T1100,3171A,115.6069,34.4465,商丘市,梁园区档案局,细颗粒物(PM2.5),86,62,68,53,56,62,62,52,52,12,15,3,2,0.5,0.7
2026-03-06T1100,4119A,115.6701,34.3767,商丘市,北海东路185号,细颗粒物(PM2.5),92,79,78,56,59,63,63,50,50,11,13,2,2,0.6,0.7
2026-03-06T1100,4120A,115.6172,34.3704,商丘市,中山大街3号,细颗粒物(PM2.5),94,85,83,57,62,64,64,52,52,13,16,4,4,0.5,0.6
2026-03-06T1100,1141A,121.401,31.2382,上海市,普陀,,33,33,50,22,33,81,81,69,69,19,33,7,6,0.9,0.6
2026-03-06T1100,1142A,121.4774,31.2043,上海市,十五厂,,29,26,50,18,32,92,92,76,76,14,34,8,8,0.9,0.9
2026-03-06T1100,1143A,121.4673,31.3011,上海市,虹口,,33,31,45,23,28,79,79,69,69,10,28,5,5,0.4,0.4
2026-03-06T1100,1147A,121.4253,31.226,上海市,静安监测站,,28,26,46,17,35,88,88,74,74,18,34,8,7,0.7,0.6
2026-03-06T1100,1148A,121.7029,31.1905,上海市,浦东川沙,,27,25,33,17,24,85,85,69,69,12,30,4,5,0.6,0.6
2026-03-06T1100,1149A,121.5339,31.229,上海市,浦东新区监测站,,26,24,42,18,27,83,83,73,73,11,29,4,5,0.8,0.7
2026-03-06T1100,1150A,121.5776,31.2038,上海市,浦东张江,,28,22,36,18,26,87,87,75,75,14,28,6,6,0.7,0.5
2026-03-06T1100,3265A,121.4242,31.3303,上海市,宝山庙行,,40,40,58,26,31,69,69,64,64,20,34,11,10,1.0,0.6
2026-03-06T1100,3266A,121.8789,31.4662,上海市,崇明上实东滩,,29,16,20,14,17,91,91,82,82,4,7,7,6,0.6,0.5
2026-03-06T1100,3268A,121.316,31.2839,上海市,嘉定南翔,,29,28,46,20,30,85,85,69,69,12,32,4,4,0.7,0.5
2026-03-06T1100,3269A,121.3357,30.7455,上海市,金山新城,,33,30,43,23,34,80,80,62,62,15,34,4,4,0.8,0.6
2026-03-06T1100,3270A,121.4996,31.0741,上海市,闵行浦江,,28,16,40,14,32,88,88,73,73,11,28,6,6,0.7,0.8
2026-03-06T1100,3271A,121.2886,31.1663,上海市,青浦徐泾,,32,24,51,19,31,102,102,79,79,12,28,4,5,0.6,0.5
2026-03-06T1100,3272A,121.2193,31.0382,上海市,松江图书馆,,29,29,52,20,36,92,92,71,71,12,33,6,6,0.7,0.7
2026-03-06T1100,3273A,121.3904,31.206,上海市,长宁仙霞,NA,NA,28,47,22,34,NA,NA,67,67,17,30,10,8,0.9,0.6
2026-03-06T1100,3274A,121.7964,31.0507,上海市,浦东惠南,,26,21,24,16,22,83,83,69,69,16,28,5,4,0.6,0.7
2026-03-06T1100,3544A,121.4891,30.925,上海市,奉贤南桥新城,,29,16,39,16,30,90,90,73,73,12,28,3,3,0.6,0.6
2026-03-06T1100,4183A,121.417401,31.16637,上海市,冠生园路458号,,28,21,46,19,38,84,84,72,72,15,29,6,6,0.8,0.8
2026-03-06T1100,4205A,121.541914,31.268301,上海市,宁武路151号,,32,26,39,22,30,79,79,71,71,18,34,6,6,0.4,0.4
2026-03-06T1100,2382A,117.9758,28.4439,上饶市,市监测站,,46,46,53,28,38,60,60,34,34,15,18,5,9,/,/
2026-03-06T1100,2383A,117.9521,28.4637,上饶市,凤凰光学,,48,48,55,26,37,55,55,30,30,12,17,8,11,0.7,0.8
2026-03-06T1100,3685A,117.897,28.4316,上饶市,双创科技城,颗粒物(PM10),53,54,55,29,40,61,61,32,32,10,17,5,16,0.8,1
2026-03-06T1100,4211A,118.190438,28.444845,上饶市,裕丰大道,,49,48,55,34,40,67,67,38,38,8,14,11,17,0.7,0.8
2026-03-06T1100,1669A,113.5821,24.7733,韶关市,市八中,,32,26,30,22,23,70,70,51,51,9,11,8,8,0.4,0.6
2026-03-06T1100,1671A,113.5916,24.7973,韶关市,园林处,,29,23,27,20,24,73,73,54,54,8,10,7,8,/,/
2026-03-06T1100,1673A,113.5971,24.6864,韶关市,曲江监测站,,25,25,27,17,23,72,72,50,50,7,11,6,7,0.7,0.8
2026-03-06T1100,2809A,113.6668,24.7756,韶关市,大学路288号,,30,27,30,21,23,70,70,42,42,8,10,6,6,/,/
2026-03-06T1100,3622A,113.5556,24.8082,韶关市,碧湖山庄,,28,28,33,19,21,72,72,42,42,8,11,6,7,0.7,0.9
2026-03-06T1100,2464A,111.5277,27.2442,邵阳市,市化工厂,细颗粒物(PM2.5),103,82,55,63,46,52,52,21,21,13,18,6,6,1.0,0.8
2026-03-06T1100,2466A,111.4327,27.2276,邵阳市,市环保局,NA,NA,69,44,52,40,43,43,28,26,14,15,7,7,NA,0.9
2026-03-06T1100,4218A,111.446,27.2472,邵阳市,北塔二期4-26地块,颗粒物(PM10),55,56,34,18,33,49,49,22,22,11,14,8,7,0.8,0.8
2026-03-06T1100,4219A,111.4739,27.2282,邵阳市,邵水西路287号,细颗粒物(PM2.5),84,52,43,52,41,54,54,26,26,13,20,7,5,0.8,0.8
2026-03-06T1100,1247A,120.6053,29.9927,绍兴市,城东开发委,细颗粒物(PM2.5),68,56,55,44,43,51,51,33,33,23,30,8,8,0.6,0.5
2026-03-06T1100,2921A,120.5482,30.0003,绍兴市,树下王站,细颗粒物(PM2.5),82,62,67,51,45,51,51,32,32,21,27,7,6,0.5,0.4
2026-03-06T1100,3408A,120.5685,29.936,绍兴市,绍兴中专,细颗粒物(PM2.5),78,65,57,49,42,60,60,36,36,20,27,8,7,0.7,0.7
2026-03-06T1100,3409A,120.4905,30.086,绍兴市,柯桥区政府,细颗粒物(PM2.5),76,63,74,48,50,61,61,36,36,18,27,5,7,0.5,0.5
2026-03-06T1100,3410A,120.8751,30.0249,绍兴市,重华小学,细颗粒物(PM2.5),64,51,55,42,44,63,63,41,41,16,30,7,7,0.5,0.4
2026-03-06T1100,3411A,120.837,30.0137,绍兴市,上虞中学,细颗粒物(PM2.5),74,58,66,47,52,61,61,39,39,17,30,7,7,0.6,0.5
2026-03-06T1100,3560A,120.4715,30.0414,绍兴市,柯桥妇保,细颗粒物(PM2.5),84,59,64,52,58,55,55,34,34,17,25,6,6,0.5,0.5
2026-03-06T1100,3658A,120.6156,30.0762,绍兴市,袍江中学,细颗粒物(PM2.5),80,60,75,50,53,54,54,32,32,15,29,8,8,0.6,0.5
2026-03-06T1100,1356A,114.0948,22.5506,深圳市,通心岭子站,,25,19,19,17,13,54,54,51,48,14,13,5,4,0.5,0.5
2026-03-06T1100,1357A,114.1153,22.5713,深圳市,洪湖,,24,24,22,16,14,55,55,53,50,15,15,5,5,0.7,0.7
2026-03-06T1100,1358A,113.9823,22.5398,深圳市,华侨城,,29,28,22,20,15,58,58,46,46,15,13,/,/,/,/
2026-03-06T1100,1359A,113.9181,22.517,深圳市,南海子站,,26,26,25,12,17,59,59,50,50,13,13,6,6,0.6,0.6
2026-03-06T1100,1360A,114.2345,22.565,深圳市,盐田,,22,20,18,15,13,56,56,59,54,7,9,6,6,0.6,0.6
2026-03-06T1100,1363A,114.4911,22.5381,深圳市,南澳,,19,18,20,13,11,58,58,50,50,6,6,/,/,/,/
2026-03-06T1100,1364A,114.41,22.6346,深圳市,葵涌,,22,19,21,15,12,54,54,50,48,6,6,7,7,0.7,0.7
2026-03-06T1100,1365A,114.2967,22.5978,深圳市,梅沙,,25,19,20,17,13,53,53,56,51,11,10,/,/,/,/
2026-03-06T1100,1366A,114.0563,22.7353,深圳市,观澜,,26,26,23,18,14,69,69,49,49,11,12,5,4,0.8,0.8
2026-03-06T1100,3305A,114.0614,22.556,深圳市,莲花,,28,25,19,19,15,55,55,45,45,14,12,/,/,/,/
2026-03-06T1100,3306A,114.0144,22.6163,深圳市,民治,,30,30,22,20,17,61,61,50,50,11,10,/,/,/,/
2026-03-06T1100,3307A,114.1756,22.6421,深圳市,横岗,,29,23,22,20,17,56,56,54,51,11,11,/,/,/,/
2026-03-06T1100,3447A,114.344,22.7115,深圳市,坪山,,29,24,18,20,13,56,56,52,49,10,11,4,4,0.6,0.7
2026-03-06T1100,3623A,113.8952,22.586,深圳市,西乡,,25,24,22,17,12,69,69,52,52,10,10,6,6,0.6,0.7
2026-03-06T1100,4220A,114.214113,22.713717,深圳市,黄阁路,,20,17,18,14,12,56,56,53,51,11,12,6,7,0.7,0.7
2026-03-06T1100,1099A,123.5058,41.7084,沈阳市,浑南东路,,32,32,42,15,27,71,71,52,52,10,21,9,12,0.4,0.5
2026-03-06T1100,1100A,123.4238,41.6992,沈阳市,新秀街,,25,24,39,11,25,79,79,62,62,10,18,8,10,0.4,0.5
2026-03-06T1100,1102A,123.5903,41.8412,沈阳市,东陵路,,30,30,39,13,28,75,75,52,52,6,16,5,6,0.5,0.6
2026-03-06T1100,1103A,123.4267,41.8466,沈阳市,陵东街,,28,28,39,12,22,77,77,60,60,11,17,8,9,0.5,0.6
2026-03-06T1100,1104A,123.4116,41.7654,沈阳市,文化路,,28,28,41,12,24,76,76,58,58,9,22,5,23,0.5,0.6
2026-03-06T1100,1105A,123.4673,41.787,沈阳市,小河沿,,30,30,39,12,23,78,78,58,58,7,16,4,7,0.5,0.6
2026-03-06T1100,1106A,123.4019,41.7978,沈阳市,太原街,NA,NA,23,37,11,24,NA,NA,60,59,NA,18,6,7,0.4,0.6
2026-03-06T1100,1108A,123.3778,41.9233,沈阳市,京沈街,NA,NA,NA,28,12,19,81,81,59,59,8,17,10,13,0.6,0.6
2026-03-06T1100,2897A,123.2429,41.7341,沈阳市,沈辽西路,,37,37,44,16,23,66,66,51,51,19,26,9,13,0.4,0.5
2026-03-06T1100,2900A,123.5951,41.9085,沈阳市,裕农路,,30,30,44,12,25,78,78,53,53,10,22,8,9,0.5,0.6
2026-03-06T1100,2429A,110.78,32.6494,十堰市,滨河新村,细颗粒物(PM2.5),106,NA,56,66,48,48,48,60,54,21,19,/,/,0.9,0.7
2026-03-06T1100,2430A,110.7305,32.6408,十堰市,刘家沟,细颗粒物(PM2.5),103,NA,60,63,48,46,46,69,60,18,11,/,/,/,/
2026-03-06T1100,2431A,110.8843,32.5712,十堰市,铁二处,细颗粒物(PM2.5),105,67,66,65,56,35,35,36,36,23,17,5,6,0.9,0.9
2026-03-06T1100,3545A,110.8053,32.8401,十堰市,郧阳区金沙路,细颗粒物(PM2.5),114,80,59,75,48,42,42,40,39,22,13,5,6,1.0,0.9
2026-03-06T1100,2709A,86.0391,44.298,石河子市,艾青诗歌馆,细颗粒物(PM2.5),133,123,80,96,64,92,92,120,112,46,22,8,10,1.4,0.8
2026-03-06T1100,3442A,86.047,44.2331,石河子市,南区管委会,细颗粒物(PM2.5),128,107,77,90,63,90,90,115,103,24,18,5,6,1.2,0.9
2026-03-06T1100,4051A,86.0791,44.3018,石河子市,世纪广场,细颗粒物(PM2.5),144,114,73,108,66,108,108,128,120,39,19,9,8,1.7,0.9
2026-03-06T1100,4167A,86.0126,44.2349,石河子市,城南景苑小区,细颗粒物(PM2.5),124,129,96,86,63,85,85,127,112,33,15,5,6,1.2,0.8
2026-03-06T1100,1030A,114.5919,38.0328,石家庄市,高新区,细颗粒物(PM2.5),90,69,72,55,54,30,30,23,23,19,18,4,4,0.8,0.7
2026-03-06T1100,1032A,114.4556,38.0136,石家庄市,西南高教,细颗粒物(PM2.5),106,67,75,66,61,39,39,26,26,18,21,3,3,0.8,0.6
2026-03-06T1100,1033A,114.533,38.0177,石家庄市,世纪公园,细颗粒物(PM2.5),106,90,83,66,56,38,38,25,25,10,11,2,2,0.9,0.7
2026-03-06T1100,1034A,114.5105,38.0489,石家庄市,人民会堂,细颗粒物(PM2.5),107,85,75,67,64,33,33,24,24,14,12,3,3,0.8,0.7
2026-03-06T1100,3456A,114.2887,38.0905,石家庄市,鹿泉一中,细颗粒物(PM2.5),74,80,86,47,59,27,27,11,11,20,19,2,2,0.8,0.7
2026-03-06T1100,4024A,114.6491,37.9014,石家庄市,栾城区星河路,细颗粒物(PM2.5),125,NA,61,87,57,38,38,17,17,NA,22,NA,3,0.8,0.7
2026-03-06T1100,4059A,114.4563,38.0365,石家庄市,裕华西路63号,NA,NA,NA,66,NA,62,40,40,20,20,NA,22,NA,2,0.9,0.7
2026-03-06T1100,4060A,114.5586,38.0581,石家庄市,和平路363号,细颗粒物(PM2.5),105,70,69,65,65,31,31,20,20,16,16,3,3,0.8,0.7
2026-03-06T1100,4061A,114.8347,38.0213,石家庄市,廉州西路160号,细颗粒物(PM2.5),114,80,67,75,59,35,35,22,22,12,13,1,1,0.8,0.8
2026-03-06T1100,4062A,114.4498,38.0729,石家庄市,北城路41号,细颗粒物(PM2.5),90,81,78,55,53,32,32,15,14,26,26,3,3,0.8,0.6
2026-03-06T1100,4314A,114.0494,38.059,石家庄市,矿区区委大楼,细颗粒物(PM2.5),104,98,81,64,57,33,33,14,14,24,24,14,6,1.0,0.8
2026-03-06T1100,1948A,106.3668,39.0145,石嘴山市,大武口朝阳西街,颗粒物(PM10),56,58,31,16,10,64,64,54,49,13,10,48,17,0.8,0.6
2026-03-06T1100,1949A,106.7713,39.2278,石嘴山市,惠农南大街,,34,34,46,3,15,73,73,53,52,8,13,10,9,0.3,0.3
2026-03-06T1100,1950A,106.7074,39.1332,石嘴山市,红果子镇惠新街,,24,24,32,3,8,72,72,51,51,10,16,13,17,0.3,0.3
2026-03-06T1100,3520A,106.3495,38.9837,石嘴山市,妇女儿童医院,,41,41,34,3,9,63,63,53,50,13,12,39,12,0.5,0.4
2026-03-06T1100,3521A,106.7495,39.2068,石嘴山市,石大公路,NA,NA,33,46,3,9,NA,NA,43,42,8,13,6,5,0.3,0.3
2026-03-06T1100,2248A,131.1509,46.6936,双鸭山市,双合村,NA,NA,NA,54,NA,37,NA,NA,83,NA,NA,19,NA,10,NA,1.0
2026-03-06T1100,2249A,131.1651,46.6191,双鸭山市,南小市,,44,44,26,13,27,74,74,51,51,8,15,7,5,0.7,0.7
2026-03-06T1100,2250A,131.1526,46.6554,双鸭山市,环保局,,41,41,45,13,26,78,78,40,40,10,29,6,5,0.4,0.4
2026-03-06T1100,2166A,112.4399,39.3521,朔州市,平朔,,49,49,58,15,14,61,61,27,27,13,16,11,10,0.4,0.3
2026-03-06T1100,2167A,112.4574,39.362,朔州市,朔唯,颗粒物(PM10),57,59,56,3,12,57,57,26,26,14,16,14,12,/,/
2026-03-06T1100,2168A,112.426,39.3199,朔州市,区政府,,48,48,48,10,9,64,64,42,42,9,9,8,5,0.3,0.2
2026-03-06T1100,2169A,112.4075,39.3277,朔州市,市环保局,NA,NA,27,46,15,11,60,60,45,45,NA,15,6,5,/,/
2026-03-06T1100,2170A,112.4273,39.3682,朔州市,市二中,颗粒物(PM10),56,58,62,10,12,62,62,27,27,19,14,17,12,/,/
2026-03-06T1100,3571A,112.2938,39.5296,朔州市,一水厂,,43,43,46,8,9,48,48,34,32,35,12,11,3,0.4,0.3
2026-03-06T1100,2226A,124.3744,43.1842,四平市,境园,,42,42,43,23,29,77,77,57,57,8,12,4,4,0.4,0.5
2026-03-06T1100,3486A,124.4029,43.1411,四平市,植物园,,50,50,40,25,31,79,79,59,59,6,12,5,6,0.3,0.4
2026-03-06T1100,3713A,124.3286,43.1726,四平市,世纪城,,44,44,51,22,28,75,75,58,58,9,12,6,5,0.5,0.5
2026-03-06T1100,2233A,124.8007,45.1213,松原市,江南,细颗粒物(PM2.5),78,NA,40,49,38,67,67,45,45,14,20,1,1,0.3,0.4
2026-03-06T1100,2234A,124.7967,45.1721,松原市,江北,,29,22,43,20,28,75,75,38,38,11,25,1,2,0.3,0.4
2026-03-06T1100,1163A,120.5974,31.3247,苏州市,轧钢厂,,46,46,69,32,41,70,70,57,57,21,30,10,8,1.0,0.8
2026-03-06T1100,1164A,120.6329,31.2741,苏州市,吴中区,,43,41,63,30,41,74,74,55,55,18,28,7,6,1.0,0.7
2026-03-06T1100,1165A,120.5566,31.3049,苏州市,苏州新区,,46,46,61,32,40,80,80,62,62,18,28,9,8,1.0,0.8
2026-03-06T1100,1166A,120.668709,31.312523,苏州市,苏州工业园区,,41,41,61,27,35,81,81,64,64,20,32,8,7,0.9,0.7
2026-03-06T1100,1167A,120.6408,31.3707,苏州市,相城区,,49,49,64,27,35,79,79,63,63,18,28,7,6,1.0,0.8
2026-03-06T1100,3289A,120.7431,31.3188,苏州市,方洲路,,36,33,49,25,36,83,83,67,67,15,30,6,6,0.9,0.9
2026-03-06T1100,3290A,120.4979,31.2777,苏州市,木渎中学,颗粒物(PM10),51,51,72,34,44,80,80,64,64,20,26,8,7,0.9,0.7
2026-03-06T1100,3425A,120.642,31.1733,苏州市,越秀幼儿园,,44,44,60,30,42,86,86,65,65,12,23,5,5,0.9,0.8
2026-03-06T1100,3431A,120.6502,31.4117,苏州市,高铁新城,细颗粒物(PM2.5),52,47,70,36,47,78,78,62,62,18,32,7,6,1.1,0.8
2026-03-06T1100,4090A,120.4282,31.3228,苏州市,学森路9号,,48,44,60,33,38,70,70,53,53,20,25,6,6,0.9,0.8
2026-03-06T1100,1220A,118.2924,33.933,宿迁市,宿迁学院,细颗粒物(PM2.5),84,73,64,52,44,61,61,35,35,12,23,4,4,0.6,0.7
2026-03-06T1100,1221A,118.2321,33.9572,宿迁市,宿迁中学,细颗粒物(PM2.5),92,78,59,56,53,61,61,34,34,7,17,3,3,0.6,0.5
2026-03-06T1100,2996A,118.2781,33.9658,宿迁市,市供电局,细颗粒物(PM2.5),90,75,60,55,47,68,68,38,38,6,16,4,3,0.6,0.6
2026-03-06T1100,3191A,118.3243,33.95,宿迁市,宿豫区政府,细颗粒物(PM2.5),84,64,52,52,44,62,62,30,30,1,23,6,6,0.5,0.6
2026-03-06T1100,4094A,118.352,33.7886,宿迁市,春华路,细颗粒物(PM2.5),105,88,69,65,51,NA,NA,15,15,11,29,4,4,1.0,0.9
2026-03-06T1100,3187A,116.9508,33.666,宿州市,远航博物馆,细颗粒物(PM2.5),126,108,76,88,51,30,30,17,17,25,31,2,2,0.9,0.6
2026-03-06T1100,3463A,116.9708,33.5911,宿州市,社会福利中心,细颗粒物(PM2.5),136,117,74,99,63,26,26,17,17,34,44,5,5,0.8,0.4
2026-03-06T1100,3701A,116.9647,33.6252,宿州市,皖北煤电集团,细颗粒物(PM2.5),125,122,81,87,53,23,23,13,13,25,30,3,4,0.9,0.8
2026-03-06T1100,4103A,116.9929,33.6412,宿州市,中兴路,细颗粒物(PM2.5),133,127,85,96,56,26,26,15,15,24,29,6,6,1.1,0.8
2026-03-06T1100,2266A,126.9783,46.6365,绥化市,人和东街,,48,36,36,33,33,76,76,74,72,15,12,10,5,0.5,0.5
2026-03-06T1100,2267A,126.964,46.6527,绥化市,党政办公中心,,49,38,40,34,36,87,87,78,77,10,12,5,4,0.3,0.4
2026-03-06T1100,2451A,113.3587,31.7275,随州市,市委党校,颗粒物(PM10),53,54,67,34,21,58,58,24,24,19,28,2,3,0.6,0.7
2026-03-06T1100,2452A,113.3745,31.6926,随州市,市林业局,颗粒物(PM10),55,57,59,32,42,66,66,45,45,11,14,4,5,0.7,0.7
2026-03-06T1100,2453A,113.3984,31.7309,随州市,市立交桥水厂,颗粒物(PM10),53,53,66,25,44,70,70,36,36,13,26,2,2,0.6,0.7
2026-03-06T1100,2528A,105.5581,30.5231,遂宁市,市监测站,细颗粒物(PM2.5),54,54,51,37,30,37,37,39,31,17,18,26,10,0.5,0.4
2026-03-06T1100,2530A,105.5917,30.4727,遂宁市,美宁食品公司,NA,NA,NA,49,NA,35,NA,NA,27,22,24,19,12,5,0.6,0.5
2026-03-06T1100,4303A,105.5911,30.5368,遂宁市,环岛商务中心9号楼,细颗粒物(PM2.5),54,50,44,37,33,36,36,40,34,16,20,8,7,0.6,0.6
2026-03-06T1100,2706A,82.9993,46.7432,塔城地区,东门外小游园,颗粒物(PM10),51,51,17,18,7,56,56,67,62,18,9,4,2,1.3,0.6
2026-03-06T1100,4165A,82.9716,46.7464,塔城地区,文化广场,,28,28,13,12,7,63,63,76,66,18,10,4,2,1.0,0.8
2026-03-06T1100,1255A,121.2727,28.6461,台州市,黄岩环保大楼,,43,37,26,30,19,62,62,47,47,15,18,/,/,/,/
2026-03-06T1100,1256A,121.4188,28.6545,台州市,台州环保大楼,NA,NA,42,23,27,15,46,46,48,48,NA,19,/,/,0.6,0.5
2026-03-06T1100,1257A,121.3768,28.5772,台州市,路桥田洋王,,46,40,25,32,18,55,55,53,52,16,15,3,3,0.6,0.4
2026-03-06T1100,3564A,121.25678,28.66823971,台州市,台州科技职业学院,,38,37,25,26,16,65,65,52,52,13,16,6,5,0.6,0.5
2026-03-06T1100,1081A,112.5138,37.8916,太原市,尖草坪,,32,32,28,9,15,61,61,55,54,16,15,5,3,0.3,0.2
2026-03-06T1100,1084A,112.4691,37.7125,太原市,晋源,,38,38,59,14,19,63,63,62,60,18,14,12,5,0.8,0.4
2026-03-06T1100,1085A,112.5595,37.7391,太原市,小店,,23,23,32,3,21,71,71,60,60,10,13,6,7,0.4,0.5
2026-03-06T1100,1087A,112.5705,37.8199,太原市,坞城,,33,33,44,16,16,69,69,62,62,12,15,5,5,0.3,0.3
2026-03-06T1100,1088A,112.5495,37.9853,太原市,南寨,,27,27,51,8,14,71,71,27,27,6,21,6,5,0.3,0.3
2026-03-06T1100,3618A,112.4702,37.7821,太原市,金胜,,34,34,30,7,15,63,63,68,64,18,12,11,4,0.7,0.3
2026-03-06T1100,4010A,112.5608,37.8807,太原市,育英中学,,30,30,37,14,15,71,71,56,56,12,15,8,7,0.4,0.4
2026-03-06T1100,4074A,112.449,37.8509,太原市,西矿街336号,,30,30,45,12,9,68,68,59,59,12,9,6,3,0.3,0.3
2026-03-06T1100,4075A,112.4792,37.9393,太原市,迎宾北路9号,,36,36,35,3,15,64,64,50,50,13,16,7,6,0.4,0.4
2026-03-06T1100,4076A,112.551,37.8575,太原市,迎泽大街248号,,22,19,46,8,15,69,69,56,56,13,15,2,2,0.5,0.5
2026-03-06T1100,1656A,117.1436,36.1938,泰安市,监测站,细颗粒物(PM2.5),54,48,67,37,50,80,80,71,71,11,18,3,2,0.5,0.7
2026-03-06T1100,1657A,117.0905,36.2002,泰安市,人口学校,颗粒物(PM10),63,68,77,40,54,71,71,63,63,17,19,4,4,0.6,0.7
2026-03-06T1100,1658A,117.0992,36.1757,泰安市,电力学校,,50,48,67,35,50,80,80,67,67,9,18,2,2,0.3,0.6
2026-03-06T1100,3502A,117.1812,36.2273,泰安市,国网新校,,43,34,52,30,45,81,81,72,72,6,12,2,3,0.6,0.8
2026-03-06T1100,3503A,117.0315,36.2017,泰安市,交通技校,细颗粒物(PM2.5),60,54,64,40,54,71,71,67,66,15,16,2,2,0.5,0.7
2026-03-06T1100,3504A,117.083,36.13,泰安市,山东第一医科大学,NA,NA,NA,62,NA,50,78,78,68,68,NA,16,1,2,0.4,0.4
2026-03-06T1100,1206A,119.9042,32.488,泰州市,公园路,细颗粒物(PM2.5),105,70,46,65,40,30,30,40,31,23,20,6,6,0.6,0.5
2026-03-06T1100,1207A,119.9189,32.4626,泰州市,莲花,细颗粒物(PM2.5),101,78,49,61,35,32,32,47,38,24,21,8,10,0.7,0.6
2026-03-06T1100,1209A,119.8877,32.4636,泰州市,留学生创业园,细颗粒物(PM2.5),115,94,61,76,43,33,33,39,30,23,21,10,10,0.7,0.5
2026-03-06T1100,2997A,119.8767,32.3291,泰州市,王营,细颗粒物(PM2.5),92,87,63,56,34,54,54,42,38,25,27,8,9,0.7,0.6
2026-03-06T1100,3295A,120.1226,32.515,泰州市,姜堰区政府广场,细颗粒物(PM2.5),110,90,56,71,39,34,34,48,39,21,20,5,8,0.8,0.6
2026-03-06T1100,3435A,119.9186,32.4322,泰州市,周山河街区,细颗粒物(PM2.5),103,90,58,63,35,35,35,48,40,21,16,9,9,0.7,0.6
2026-03-06T1100,1040A,118.1707,39.6505,唐山市,十二中,,34,34,72,23,58,75,75,48,48,12,16,10,4,0.7,0.8
2026-03-06T1100,1041A,118.1868,39.6219,唐山市,小山,,29,28,58,20,53,76,76,46,46,15,25,17,11,0.7,0.8
2026-03-06T1100,3457A,118.4357,39.277,唐山市,冀东油田职工医院,,39,37,45,27,39,87,87,56,56,8,19,12,5,1.2,0.5
2026-03-06T1100,3575A,118.0927,39.5807,唐山市,正泰大街热力站,NA,NA,NA,72,NA,60,NA,NA,41,41,8,16,13,3,0.8,0.9
2026-03-06T1100,3576A,118.1561,39.8322,唐山市,丰润区政府,,32,23,84,22,69,84,84,49,49,2,15,7,4,0.4,1.1
2026-03-06T1100,3577A,118.436906,39.73802,唐山市,金山小学,,37,37,56,13,43,80,80,54,54,14,20,7,4,0.7,0.7
2026-03-06T1100,3578A,118.2449,39.6693,唐山市,政府服务中心,,35,35,63,13,51,73,73,41,41,13,24,13,6,0.5,0.7
2026-03-06T1100,3692A,118.2043,39.6703,唐山市,消防缸窑路中队,,35,35,69,23,50,83,83,51,51,4,16,13,6,0.6,0.9
2026-03-06T1100,3693A,118.1432,39.6203,唐山市,路南电大,,45,45,75,24,61,69,69,44,44,15,21,12,5,0.7,0.8
2026-03-06T1100,4065A,118.1267,39.6579,唐山市,光明北路515号,,44,44,84,20,64,75,75,48,48,8,19,8,2,0.4,0.5
2026-03-06T1100,4197A,118.130859,39.636026,唐山市,友谊北路34号,,46,46,73,31,65,75,75,46,46,12,20,11,4,0.7,1
2026-03-06T1100,1015A,117.1446,39.1659,天津市,勤俭道,,43,34,70,30,60,58,58,15,15,19,38,5,6,0.6,0.9
2026-03-06T1100,1018A,117.2016,39.0928,天津市,前进道,NA,NA,33,67,28,57,NA,NA,29,28,18,29,6,6,0.6,0.8
2026-03-06T1100,1019A,117.1837,39.2134,天津市,淮河道,,42,37,75,29,61,61,61,19,19,14,34,6,6,0.6,0.9
2026-03-06T1100,1021A,117.308261,39.088386,天津市,跃进路,,32,25,73,22,74,73,73,43,43,15,31,4,4,0.5,0.7
2026-03-06T1100,1023A,117.707,39.0344,天津市,第四大街,细颗粒物(PM2.5),112,82,73,73,62,36,36,21,21,34,41,4,4,0.9,0.8
2026-03-06T1100,1024A,117.4573,38.8395,天津市,永明路,,48,36,63,33,57,66,66,25,25,20,34,7,6,0.5,0.7
2026-03-06T1100,1026A,117.7641,39.1588,天津市,汉北路,细颗粒物(PM2.5),111,76,67,72,60,NA,NA,11,9,NA,40,NA,5,NA,0.9
2026-03-06T1100,2858A,117.7917,39.2473,天津市,河西一经路,细颗粒物(PM2.5),101,75,70,61,62,61,61,23,23,20,33,7,5,0.8,0.8
2026-03-06T1100,2859A,117.3747,38.9845,天津市,津沽路,,22,22,70,15,59,68,68,25,25,16,37,6,5,0.5,0.7
2026-03-06T1100,2860A,117.159,39.0844,天津市,宾水西道,细颗粒物(PM2.5),52,39,67,36,61,53,53,23,23,19,28,6,5,0.7,0.9
2026-03-06T1100,2922A,117.194,39.1069,天津市,大理道,,30,30,62,17,56,67,67,33,33,17,29,6,6,0.6,0.8
2026-03-06T1100,3020A,117.2096,39.1698,天津市,中山北路,,32,29,64,22,57,62,62,23,23,18,33,6,5,0.3,0.7
2026-03-06T1100,3051A,117.385,39.1483,天津市,西四道,细颗粒物(PM2.5),56,46,65,38,53,50,50,19,19,30,41,6,5,0.6,0.8
2026-03-06T1100,3325A,117.0362,39.3827,天津市,雍阳西道,,23,22,73,16,58,69,69,23,23,14,30,6,6,0.4,0.7
2026-03-06T1100,3326A,117.0291,39.0612,天津市,辛老路,细颗粒物(PM2.5),62,48,74,41,62,58,58,15,15,13,37,6,6,0.6,0.8
2026-03-06T1100,3327A,116.9638,38.9374,天津市,地纬路,NA,NA,61,68,51,59,NA,NA,23,23,13,25,8,7,0.5,0.6
2026-03-06T1100,3460A,117.4065,40.0583,天津市,北环路,细颗粒物(PM2.5),109,84,61,69,48,26,26,48,43,34,20,3,4,1.1,0.9
2026-03-06T1100,3461A,117.3041,39.7167,天津市,建设路,细颗粒物(PM2.5),107,77,79,67,68,34,34,17,15,26,28,4,4,0.9,0.9
2026-03-06T1100,3462A,117.8201,39.3519,天津市,滨水东路,,46,33,68,32,60,70,70,24,24,20,40,8,6,0.7,0.9
2026-03-06T1100,4196A,117.24369,39.102911,天津市,光华路,,32,27,67,22,57,65,65,38,38,17,30,2,3,0.6,0.8
2026-03-06T1100,2650A,105.72058,34.57859,天水市,公园小学,颗粒物(PM10),73,81,72,31,32,81,81,52,52,17,21,10,11,0.5,0.5
2026-03-06T1100,2651A,105.89428,34.55353,天水市,麦积国土局,颗粒物(PM10),63,67,88,26,32,78,78,67,67,19,20,16,14,0.5,0.5
2026-03-06T1100,2217A,123.865,42.292,铁岭市,水上乐园,,29,29,33,12,19,70,70,55,55,12,16,7,7,0.6,0.6
2026-03-06T1100,2219A,123.7158,42.2218,铁岭市,金沙江路北,NA,NA,NA,29,12,18,76,76,57,57,9,12,NA,8,0.5,0.5
2026-03-06T1100,4084A,123.835,42.2853,铁岭市,新华街20号,,31,31,37,13,22,72,72,56,56,9,12,9,10,0.5,0.5
2026-03-06T1100,2229A,125.9359,41.7174,通化市,光明,,28,23,33,19,23,89,89,82,80,11,14,9,10,0.5,0.6
2026-03-06T1100,2230A,125.9446,41.7323,通化市,铁路,,34,34,34,20,23,90,90,85,85,11,12,8,6,0.3,0.4
2026-03-06T1100,2191A,122.253,43.6801,通辽市,艺术职业学校,,26,14,36,8,19,81,81,65,65,6,12,4,5,0.4,0.5
2026-03-06T1100,3706A,122.2584,43.6333,通辽市,老干部活动中心,,30,30,33,3,14,77,77,61,61,6,14,4,14,0.3,0.4
2026-03-06T1100,3708A,122.2923,43.6189,通辽市,东方明珠社区,NA,NA,NA,36,59,18,73,73,71,70,13,7,16,11,NA,0.5
2026-03-06T1100,1923A,109.0696,35.0699,铜川市,王益区政府,颗粒物(PM10),59,62,74,8,29,81,81,54,54,8,20,2,3,0.3,0.5
2026-03-06T1100,1924A,108.9345,34.9059,铜川市,新区管委会,,40,40,82,8,31,68,68,59,56,13,16,2,3,0.3,0.5
2026-03-06T1100,4234A,108.949652,34.870529,铜川市,大唐三路,,35,35,79,8,34,77,77,70,67,10,15,2,3,0.2,0.3
2026-03-06T1100,2285A,117.8176,30.9412,铜陵市,市第四中学,细颗粒物(PM2.5),68,68,83,44,50,63,63,33,33,13,27,6,6,0.4,0.5
2026-03-06T1100,2287A,117.7806,30.9413,铜陵市,市新民污水厂,细颗粒物(PM2.5),70,59,62,45,47,58,58,29,29,13,29,4,5,0.6,0.6
2026-03-06T1100,2289A,117.846,30.9414,铜陵市,车站新区,细颗粒物(PM2.5),64,62,76,42,46,60,60,27,27,14,28,8,7,0.5,0.6
2026-03-06T1100,2290A,117.8472,30.9699,铜陵市,市职教基地,细颗粒物(PM2.5),64,61,74,42,42,62,62,28,28,10,22,7,6,0.5,0.5
2026-03-06T1100,2585A,109.1839,27.7344,铜仁市,铜仁卫校,,41,41,36,27,26,38,38,35,35,20,16,2,2,0.8,0.7
2026-03-06T1100,2586A,109.1752,27.6945,铜仁市,铜仁七中,NA,NA,42,30,37,26,NA,NA,36,36,20,12,1,1,0.8,0.7
2026-03-06T1100,2686A,89.1905,42.9419,吐鲁番市,市环保局,颗粒物(PM10),75,84,75,39,30,52,52,62,61,37,25,3,3,1.4,1
2026-03-06T1100,2687A,89.1674,42.9558,吐鲁番市,地区环保局,颗粒物(PM10),96,114,73,49,30,28,28,54,46,46,20,5,5,1.3,0.8
2026-03-06T1100,1662A,122.121,37.4231,威海市,华夏技校,NA,NA,NA,57,NA,35,NA,NA,81,81,12,19,/,/,0.5,0.6
2026-03-06T1100,1663A,122.0508,37.5236,威海市,山大分校,,32,32,41,10,32,88,88,83,83,8,16,/,/,/,/
2026-03-06T1100,1664A,122.1067,37.5067,威海市,市监测站,,29,29,44,10,28,84,84,78,78,10,16,4,4,0.4,0.5
2026-03-06T1100,1982A,122.0693,37.2175,威海市,文登开发区,,38,38,47,16,34,84,84,78,78,8,15,/,/,/,/
2026-03-06T1100,3505A,122.1379,37.3414,威海市,临港区管委会,,29,29,44,12,33,89,89,80,80,6,15,4,4,0.3,0.4
2026-03-06T1100,1650A,119.1436,36.7022,潍坊市,环保局,颗粒物(PM10),51,51,66,33,46,73,73,78,77,12,19,2,2,0.3,0.5
2026-03-06T1100,2877A,119.1638,36.6524,潍坊市,坊子邮政,颗粒物(PM10),53,53,71,34,48,74,74,80,78,12,19,2,2,0.5,0.7
2026-03-06T1100,3178A,119.0587,36.7209,潍坊市,潍坊七中,,45,44,61,31,43,81,81,80,78,10,18,5,5,0.4,0.6
2026-03-06T1100,3368A,119.1978,36.6871,潍坊市,高新实验学校,颗粒物(PM10),51,51,71,34,49,78,78,80,79,10,16,4,4,0.3,0.5
2026-03-06T1100,3416A,119.1758,36.7139,潍坊市,潍坊学院,颗粒物(PM10),55,56,68,30,45,78,78,81,80,10,19,4,4,0.4,0.6
2026-03-06T1100,3861A,119.2046,36.7696,潍坊市,寒亭区实验一小,,49,48,62,34,44,78,78,79,77,11,19,4,4,0.5,0.7
2026-03-06T1100,1940A,109.4605,34.4927,渭南市,体育馆,细颗粒物(PM2.5),84,85,92,52,32,54,54,67,61,18,24,6,8,0.8,0.6
2026-03-06T1100,1941A,109.4257,34.5067,渭南市,高新一小,细颗粒物(PM2.5),80,54,83,50,32,53,53,66,60,18,23,6,7,0.8,0.5
2026-03-06T1100,4159A,110.4531,35.4578,渭南市,桢州大街,,36,36,55,11,23,57,57,66,58,20,17,12,7,0.8,0.5
2026-03-06T1100,4160A,110.4368,35.4773,渭南市,太史大街,,42,42,43,10,19,54,54,61,53,21,18,14,11,0.9,0.5
2026-03-06T1100,4235A,109.5051,34.4921,渭南市,渭花路4号,细颗粒物(PM2.5),80,75,88,50,33,49,49,63,57,19,23,6,8,0.8,0.6
2026-03-06T1100,1242A,120.6342,28.0088,温州市,瓯海,,30,NA,13,21,9,56,56,39,39,11,21,6,7,0.4,0.3
2026-03-06T1100,1243A,120.6747,27.9881,温州市,南浦,,32,NA,17,22,9,58,58,39,39,12,23,4,5,0.6,0.5
2026-03-06T1100,1244A,120.76,27.9745,温州市,龙湾,,39,39,22,25,11,47,47,28,28,17,31,5,5,0.5,0.4
2026-03-06T1100,3561A,120.6985,27.9252,温州市,茶山,,26,24,14,18,6,52,52,38,38,16,21,/,/,/,/
2026-03-06T1100,4096A,120.6935,28.0114,温州市,鹿城惠民路,NA,NA,31,13,18,8,NA,NA,32,32,NA,20,/,/,0.6,0.5
2026-03-06T1100,2610A,104.2533,23.3595,文山壮族苗族自治州,州水务局,,42,NA,40,29,26,62,62,75,73,14,9,6,6,0.6,0.5
2026-03-06T1100,2611A,104.2319,23.3892,文山壮族苗族自治州,市便民服务中心,,32,28,35,22,26,63,63,74,73,11,8,5,5,0.7,0.7
2026-03-06T1100,2187A,106.8172,39.6972,乌海市,市林业局,颗粒物(PM10),74,83,46,3,9,67,67,69,68,15,8,11,11,0.4,0.3
2026-03-06T1100,2188A,106.7907,39.6666,乌海市,中海勃湾学校,,37,37,57,3,11,75,75,60,57,12,13,14,11,0.4,0.4
2026-03-06T1100,3284A,106.8129,39.7274,乌海市,海北新区,颗粒物(PM10),59,62,45,6,9,61,61,62,51,22,17,20,18,0.5,0.4
2026-03-06T1100,4278A,106.8212,39.6741,乌海市,海拉北路,颗粒物(PM10),60,63,46,3,9,72,72,70,70,14,9,16,15,0.4,0.4
2026-03-06T1100,2197A,113.1306,40.9924,乌兰察布市,集宁新区,,24,20,28,11,13,75,75,70,66,5,5,7,5,0.3,0.3
2026-03-06T1100,3034A,113.1076,41.0385,乌兰察布市,光明街小学,,28,25,30,3,11,87,87,44,44,3,26,3,4,0.4,0.5
2026-03-06T1100,3285A,113.1383,40.9513,乌兰察布市,北京八中,,34,34,31,8,11,56,56,56,50,17,8,7,4,0.4,0.5
2026-03-06T1100,3421A,113.1776,40.9779,乌兰察布市,市委党校,NA,NA,21,27,6,11,76,76,56,50,13,11,NA,4,0.6,0.6
2026-03-06T1100,1490A,87.5796,43.8299,乌鲁木齐市,监测站,细颗粒物(PM2.5),148,124,95,112,79,38,38,90,84,70,45,3,4,1.5,1.4
2026-03-06T1100,1491A,87.6044,43.7679,乌鲁木齐市,收费所,细颗粒物(PM2.5),138,114,98,101,80,64,64,75,75,33,51,5,5,1.0,1
2026-03-06T1100,1493A,87.5529,43.8704,乌鲁木齐市,铁路局,细颗粒物(PM2.5),152,131,95,116,77,35,35,77,77,68,41,6,6,1.1,0.7
2026-03-06T1100,1494A,87.6408,43.8258,乌鲁木齐市,三十一中学,细颗粒物(PM2.5),135,126,99,98,78,60,60,91,90,46,35,4,4,1.1,1
2026-03-06T1100,1496A,87.7218,44.1747,乌鲁木齐市,米东区环保局,细颗粒物(PM2.5),117,108,70,78,55,87,87,89,85,25,18,10,10,0.8,0.7
2026-03-06T1100,3033A,87.4652,43.4569,乌鲁木齐市,培训基地,细颗粒物(PM2.5),64,NA,20,42,17,89,89,90,86,16,12,5,5,0.4,0.2
2026-03-06T1100,3437A,88.3088,43.3637,乌鲁木齐市,达坂城区环保局,细颗粒物(PM2.5),126,104,63,88,42,56,56,48,48,37,31,8,5,1.3,0.7
2026-03-06T1100,3438A,87.6132,43.8791,乌鲁木齐市,红光山片区,细颗粒物(PM2.5),162,NA,78,123,77,46,46,79,79,67,43,8,6,1.5,1.1
2026-03-06T1100,3439A,87.7008,43.8003,乌鲁木齐市,新师大温泉校区,细颗粒物(PM2.5),116,105,92,77,74,95,95,96,96,26,33,6,6,0.7,0.7
2026-03-06T1100,3440A,87.4892,43.84,乌鲁木齐市,大绿谷,细颗粒物(PM2.5),107,103,89,67,67,63,63,94,93,43,37,5,5,0.9,0.9
2026-03-06T1100,1188A,120.2693,31.4864,无锡市,雪浪,,48,48,54,27,35,66,66,62,62,24,27,7,7,0.7,0.7
2026-03-06T1100,1189A,120.2761,31.621,无锡市,黄巷,,48,48,57,20,25,65,65,51,51,16,30,5,5,0.9,0.7
2026-03-06T1100,1191A,120.2422,31.5037,无锡市,漆塘,颗粒物(PM10),58,61,69,28,33,64,64,57,57,27,34,6,6,0.8,0.7
2026-03-06T1100,1192A,120.3489,31.5865,无锡市,东亭,,38,36,56,26,37,71,71,53,53,18,34,8,8,0.8,0.8
2026-03-06T1100,1193A,120.3538,31.5474,无锡市,旺庄,,41,41,63,23,32,72,72,55,55,18,29,4,4,1.0,0.9
2026-03-06T1100,1194A,120.2447,31.5633,无锡市,荣巷,,41,41,52,25,32,73,73,61,61,20,31,4,4,1.0,0.8
2026-03-06T1100,1195A,120.2986,31.6816,无锡市,堰桥,,41,41,51,27,34,62,62,53,53,19,30,5,5,0.8,0.7
2026-03-06T1100,4087A,120.3138,31.4927,无锡市,清舒道1号,NA,NA,NA,59,NA,37,NA,NA,61,61,NA,31,NA,4,NA,0.7
2026-03-06T1100,4254A,120.2925,31.5685,无锡市,健康路105号,,50,50,62,27,33,62,62,55,55,23,33,4,4,0.9,0.7
2026-03-06T1100,2677A,106.1535,37.9648,吴忠市,教育园区,,32,32,52,7,18,60,60,52,52,10,12,13,15,0.4,0.3
2026-03-06T1100,2679A,106.1851,37.9957,吴忠市,新区二泵站,颗粒物(PM10),52,52,71,8,18,54,54,48,48,16,15,12,13,0.5,0.5
2026-03-06T1100,3648A,106.2176,37.9832,吴忠市,文卫南街,,40,40,71,6,20,58,58,53,53,16,16,14,17,0.5,0.5
2026-03-06T1100,1794A,118.3603,31.3515,芜湖市,监测站,细颗粒物(PM2.5),56,53,70,38,49,62,62,28,28,20,30,7,8,0.6,0.7
2026-03-06T1100,1795A,118.3716,31.4135,芜湖市,科创中心,颗粒物(PM10),57,59,72,37,52,71,71,30,30,17,28,6,6,0.7,0.7
2026-03-06T1100,1796A,118.3671,31.3132,芜湖市,四水厂,颗粒物(PM10),55,56,60,37,40,73,73,42,42,16,29,5,5,0.7,0.8
2026-03-06T1100,3328A,118.4209,31.3704,芜湖市,市气象局,NA,NA,50,68,36,45,NA,NA,25,20,9,25,5,5,0.6,0.7
2026-03-06T1100,3465A,118.4783,31.3226,芜湖市,清苑社区,细颗粒物(PM2.5),54,48,62,37,40,74,74,23,23,15,40,6,6,0.7,0.8
2026-03-06T1100,3466A,118.2746,31.2326,芜湖市,扬子职业技术学院,细颗粒物(PM2.5),66,57,64,43,48,62,62,33,33,21,27,6,7,0.7,0.7
2026-03-06T1100,4099A,118.5726,31.1371,芜湖市,湾沚区人民法院,细颗粒物(PM2.5),62,43,53,41,45,59,59,28,28,16,26,8,8,0.6,0.8
2026-03-06T1100,2496A,111.3126,23.4772,梧州市,市十一中,,20,NA,21,9,14,62,62,54,54,3,11,7,8,0.6,0.6
2026-03-06T1100,2498A,111.26,23.4794,梧州市,龙新,,29,29,27,8,14,65,65,54,51,3,9,5,5,0.2,0.2
2026-03-06T1100,4258A,111.2416,23.4155,梧州市,政贤路18号,,42,42,25,3,13,53,53,47,46,6,11,5,5,0.7,0.9
2026-03-06T1100,2711A,87.5352,44.1606,五家渠市,农水大厦,细颗粒物(PM2.5),153,122,76,117,63,79,79,81,75,21,10,11,8,0.9,0.7
2026-03-06T1100,3441A,87.5461,44.1909,五家渠市,经开区管委会,细颗粒物(PM2.5),130,105,74,92,57,72,72,92,84,27,13,9,7,1.0,0.7
2026-03-06T1100,4168A,87.055284,43.999117,五家渠市,建设西街760号,细颗粒物(PM2.5),134,117,74,97,66,100,100,111,108,16,14,5,5,1.9,0.8
2026-03-06T1100,1325A,114.3676,30.5584,武汉市,东湖梨园,细颗粒物(PM2.5),74,59,47,47,42,45,45,26,26,22,24,12,8,0.7,0.7
2026-03-06T1100,1326A,114.2527,30.5578,武汉市,汉阳月湖,细颗粒物(PM2.5),96,64,51,58,49,44,44,35,35,26,21,7,4,0.9,0.7
2026-03-06T1100,1327A,114.2819,30.6189,武汉市,汉口花桥,细颗粒物(PM2.5),86,55,48,53,49,37,37,41,41,30,23,5,2,0.8,0.5
2026-03-06T1100,1328A,114.3024,30.5332,武汉市,武昌紫阳,细颗粒物(PM2.5),78,66,56,49,46,48,48,28,28,21,25,12,9,1.0,0.9
2026-03-06T1100,1329A,114.3646,30.6217,武汉市,青山钢花,细颗粒物(PM2.5),94,64,53,57,47,36,36,26,26,25,28,9,7,1.2,0.8
2026-03-06T1100,1330A,114.156697,30.482592,武汉市,沌口新区,细颗粒物(PM2.5),76,78,63,48,52,41,41,18,18,33,40,16,10,1.0,0.9
2026-03-06T1100,1331A,114.3013,30.5944,武汉市,汉口江滩,细颗粒物(PM2.5),72,54,50,46,46,41,41,40,38,21,24,7,6,0.8,0.6
2026-03-06T1100,1333A,114.1285,30.6339,武汉市,吴家山,细颗粒物(PM2.5),80,50,52,50,52,47,47,37,37,18,24,4,4,0.8,0.8
2026-03-06T1100,3153A,114.3876,30.4908,武汉市,民族大道182号,细颗粒物(PM2.5),84,77,59,52,52,36,36,30,30,25,22,11,8,1.1,0.8
2026-03-06T1100,2652A,102.6203,37.925,武威市,监测站,颗粒物(PM10),110,144,80,58,32,54,54,41,34,15,11,9,7,0.6,0.4
2026-03-06T1100,4270A,102.6447,37.9293,武威市,钟楼街149号,颗粒物(PM10),110,144,84,43,32,59,59,54,45,15,12,11,9,0.6,0.5
2026-03-06T1100,1463A,108.9931,34.2629,西安市,兴庆小区,细颗粒物(PM2.5),72,69,84,46,29,44,44,62,54,17,23,6,6,0.8,0.7
2026-03-06T1100,1464A,109.0595,34.2569,西安市,纺织城,细颗粒物(PM2.5),68,66,95,44,35,44,44,51,48,22,37,5,5,0.6,0.5
2026-03-06T1100,1465A,108.9377,34.2178,西安市,小寨,颗粒物(PM10),90,105,69,48,31,43,43,56,50,20,23,6,6,0.5,0.4
2026-03-06T1100,1466A,108.9522,34.2739,西安市,市人民体育场,细颗粒物(PM2.5),72,78,102,46,34,50,50,68,57,14,27,4,5,0.8,0.7
2026-03-06T1100,1467A,108.8923,34.2322,西安市,高新西区,颗粒物(PM10),89,104,77,46,33,48,48,67,58,18,22,4,5,0.8,0.6
2026-03-06T1100,1468A,108.9386,34.3446,西安市,经开区,颗粒物(PM10),58,61,91,30,31,55,55,68,61,16,29,6,4,0.5,0.4
2026-03-06T1100,1469A,108.894,34.1557,西安市,长安区,颗粒物(PM10),73,82,100,40,28,49,49,58,55,20,20,5,5,0.5,0.5
2026-03-06T1100,1471A,109.213,34.3748,西安市,临潼区,"颗粒物(PM10),细颗粒物(PM2.5)",62,66,80,41,29,47,47,64,55,15,17,6,6,0.7,0.6
2026-03-06T1100,1474A,109.0508,34.321,西安市,广运潭,颗粒物(PM10),77,87,90,44,32,49,49,64,57,16,23,3,3,0.8,0.6
2026-03-06T1100,3605A,109.1019,34.5302,西安市,无线电监控中心,,45,45,82,24,37,61,61,57,55,15,24,6,4,0.4,0.4
2026-03-06T1100,4055A,108.8869,34.2662,西安市,行知小学,颗粒物(PM10),85,99,79,48,37,47,47,65,57,18,26,5,6,0.7,0.7
2026-03-06T1100,4233A,108.596239,34.118792,西安市,西苑北路977号,细颗粒物(PM2.5),70,70,102,45,36,53,53,61,59,19,31,8,7,0.9,0.8
2026-03-06T1100,4307A,108.9817,34.2035,西安市,曲江池东路988号,细颗粒物(PM2.5),70,74,83,45,28,51,51,61,57,21,24,7,6,0.8,0.6
2026-03-06T1100,3055A,101.7775,36.643,西宁市,城北区政府,颗粒物(PM10),95,112,107,46,36,73,73,62,50,16,15,55,17,1.9,0.9
2026-03-06T1100,3629A,101.8304,36.5785,西宁市,世纪职校,细颗粒物(PM2.5),94,107,88,57,40,40,40,57,40,45,17,21,14,2.1,0.8
2026-03-06T1100,4162A,101.6769,36.6535,西宁市,海晏路105号,颗粒物(PM10),93,109,108,50,37,49,49,49,35,21,16,16,13,1.5,0.6
2026-03-06T1100,2612A,100.8018,21.9995,西双版纳傣族自治州,景洪市江南,细颗粒物(PM2.5),110,80,98,70,77,32,32,27,24,22,20,7,7,1.1,1
2026-03-06T1100,2613A,100.7995,22.0238,西双版纳傣族自治州,景洪市江北,细颗粒物(PM2.5),102,63,85,62,71,NA,NA,38,29,9,13,NA,8,0.9,0.9
2026-03-06T1100,2202A,116.1048,43.9318,锡林郭勒盟,市环保监测站,,20,19,24,3,8,64,64,49,49,9,13,4,7,0.3,0.3
2026-03-06T1100,2203A,116.0778,43.9312,锡林郭勒盟,市政府,,22,19,21,3,7,70,70,54,54,7,10,3,5,0.2,0.3
2026-03-06T1100,1287A,118.1519,24.4768,厦门市,洪文,,19,19,26,12,16,46,46,23,23,18,17,3,3,0.4,0.4
2026-03-06T1100,1288A,118.0671,24.4447,厦门市,鼓浪屿,NA,NA,22,27,14,16,NA,NA,17,17,NA,29,NA,2,/,/
2026-03-06T1100,2842A,118.0937,24.5054,厦门市,湖里中学,,16,14,21,10,14,50,50,22,22,16,20,2,2,0.4,0.4
2026-03-06T1100,3527A,118.0961,24.5689,厦门市,集美中学,,23,23,26,14,16,46,46,21,21,21,30,2,2,0.4,0.4
2026-03-06T1100,3528A,118.1502,24.7246,厦门市,同安二实小,,22,10,21,9,15,70,70,27,27,8,20,2,2,0.4,0.5
2026-03-06T1100,3655A,114.3379,29.8683,咸宁市,长江产业园,细颗粒物(PM2.5),86,64,62,53,53,50,50,23,23,18,27,5,6,1.0,1
2026-03-06T1100,4217A,114.3182,29.8447,咸宁市,双鹤路18号,细颗粒物(PM2.5),88,69,63,54,51,41,41,30,30,19,18,4,4,1.1,0.9
2026-03-06T1100,4298A,114.284,29.8595,咸宁市,碧桂路,NA,NA,67,63,50,52,NA,NA,33,33,20,21,6,6,0.8,0.7
2026-03-06T1100,1919A,108.6726,34.315,咸阳市,实验中学,颗粒物(PM10),57,59,92,34,37,58,58,67,63,14,24,7,7,0.7,0.7
2026-03-06T1100,1920A,108.7226,34.3622,咸阳市,师范学院,颗粒物(PM10),60,63,91,38,38,57,57,65,60,15,25,6,5,0.6,0.5
2026-03-06T1100,3525A,108.6394,34.408,咸阳市,奥体中心,细颗粒物(PM2.5),56,54,103,38,42,61,61,62,61,13,23,4,3,0.5,0.5
2026-03-06T1100,4056A,108.6601,34.3767,咸阳市,五陵塬路2号,颗粒物(PM10),105,131,95,57,44,NA,NA,65,60,NA,36,NA,5,NA,0.4
2026-03-06T1100,4156A,108.6372,34.3031,咸阳市,胭脂路9号,NA,NA,NA,87,NA,38,55,55,71,67,NA,29,5,4,0.6,0.6
2026-03-06T1100,4157A,108.0371,34.3035,咸阳市,杨扶路,,38,38,74,15,37,69,69,60,60,11,18,3,2,0.4,0.6
2026-03-06T1100,4158A,108.0895,34.2623,咸阳市,新桥路,颗粒物(PM10),56,58,77,25,43,65,65,61,61,16,27,4,4,0.5,0.6
2026-03-06T1100,1508A,112.9508,27.8626,湘潭市,板塘,细颗粒物(PM2.5),100,81,67,60,52,56,56,43,38,23,23,3,2,0.6,0.6
2026-03-06T1100,1511A,112.9114,27.8404,湘潭市,市监测站,细颗粒物(PM2.5),109,71,62,69,58,61,61,41,37,21,22,5,4,0.6,0.6
2026-03-06T1100,1512A,112.8935,27.8729,湘潭市,江麓,细颗粒物(PM2.5),104,79,68,64,55,61,61,47,44,16,16,3,3,0.8,0.8
2026-03-06T1100,1513A,112.9227,27.8159,湘潭市,岳塘,细颗粒物(PM2.5),110,74,59,71,55,55,55,44,39,22,18,4,3,0.6,0.6
2026-03-06T1100,1514A,112.9073,27.9118,湘潭市,科大,细颗粒物(PM2.5),107,76,62,67,59,64,64,46,41,12,14,3,3,0.9,0.8
2026-03-06T1100,1562A,113.0048,27.9153,湘潭市,昭山,细颗粒物(PM2.5),107,78,70,67,52,54,54,16,14,18,23,4,3,0.8,0.8
2026-03-06T1100,2493A,109.7298,28.3164,湘西土家族苗族自治州,州政府,细颗粒物(PM2.5),76,NA,37,48,31,16,16,8,7,13,11,5,4,0.5,0.2
2026-03-06T1100,2494A,109.6957,28.2676,湘西土家族苗族自治州,吉首市计生局,细颗粒物(PM2.5),64,NA,38,42,33,16,16,14,9,13,8,4,4,0.6,0.5
2026-03-06T1100,2432A,112.1555,32.0197,襄阳市,襄城运动路,颗粒物(PM10),70,77,82,44,52,41,41,31,29,14,19,9,9,0.6,0.6
2026-03-06T1100,2434A,112.1829,32.1146,襄阳市,高新管委会,细颗粒物(PM2.5),82,91,74,51,53,39,39,29,26,29,29,9,8,0.6,0.7
2026-03-06T1100,2435A,112.2105,32.0903,襄阳市,襄州航空路,颗粒物(PM10),65,70,74,42,51,41,41,19,19,12,18,7,7,0.5,0.5
2026-03-06T1100,3396A,112.0764,32.0089,襄阳市,襄城隆中路,细颗粒物(PM2.5),92,81,83,56,55,22,22,21,14,31,24,10,11,0.7,0.7
2026-03-06T1100,3397A,112.1154,32.103,襄阳市,高新台子湾,NA,NA,89,81,60,56,34,34,21,16,24,25,NA,6,0.7,0.6
2026-03-06T1100,4251A,112.1433,32.0581,襄阳市,铁院东路4号,颗粒物(PM10),73,81,80,46,50,41,41,25,23,16,24,8,8,0.6,0.7
2026-03-06T1100,2444A,113.9062,30.9378,孝感市,东城区,颗粒物(PM10),62,66,81,31,48,54,54,25,25,23,27,4,4,0.7,0.8
2026-03-06T1100,4125A,113.946,30.8999,孝感市,天仙南路1号,颗粒物(PM10),55,56,82,30,46,62,62,33,33,12,21,2,2,0.4,0.5
2026-03-06T1100,2181A,112.7313,38.457,忻州市,开发区,,23,14,34,11,14,71,71,62,61,11,12,7,6,0.5,0.6
2026-03-06T1100,2182A,112.7023,38.4932,忻州市,会展中心,NA,NA,23,37,14,18,62,62,55,55,NA,12,6,6,NA,0.4
2026-03-06T1100,3208A,112.7279,38.4157,忻州市,市政府,,24,23,44,8,18,74,74,66,63,9,10,8,6,0.4,0.5
2026-03-06T1100,4063A,115.2124,37.9433,辛集市,市政府,细颗粒物(PM2.5),108,73,66,68,59,52,52,25,25,11,16,5,6,0.5,0.5
2026-03-06T1100,4064A,115.2008,37.9338,辛集市,城管大队,细颗粒物(PM2.5),96,NA,45,58,51,58,58,28,28,8,15,1,2,0.8,0.7
2026-03-06T1100,2389A,113.836,35.3104,新乡市,环保西院,细颗粒物(PM2.5),110,92,91,71,70,40,40,36,36,18,21,5,5,1.0,1.2
2026-03-06T1100,2390A,113.8847,35.2724,新乡市,开发区,细颗粒物(PM2.5),108,NA,74,68,65,43,43,38,38,15,19,5,6,0.6,0.8
2026-03-06T1100,2391A,113.8836,35.3028,新乡市,环保东院,细颗粒物(PM2.5),102,88,81,62,66,41,41,36,36,12,18,3,4,0.8,1
2026-03-06T1100,3054A,113.9194,35.2847,新乡市,市委党校,细颗粒物(PM2.5),96,81,74,58,66,46,46,40,40,12,18,8,8,0.4,0.6
2026-03-06T1100,3475A,113.9189,35.3042,新乡市,市政府,细颗粒物(PM2.5),107,85,83,67,69,42,42,37,37,15,21,5,6,0.4,0.6
2026-03-06T1100,3689A,113.9002,35.372,新乡市,行政服务中心,细颗粒物(PM2.5),114,89,80,75,62,40,40,34,34,12,20,5,11,0.8,1
2026-03-06T1100,4215A,113.916569,35.331547,新乡市,建设东路46号,NA,NA,NA,88,NA,69,NA,NA,32,32,14,22,NA,9,NA,0.6
2026-03-06T1100,2353A,114.9887,27.8433,新余市,飞宇,细颗粒物(PM2.5),72,68,62,46,50,65,65,37,37,17,17,10,9,0.5,0.6
2026-03-06T1100,2354A,114.9234,27.8248,新余市,第二水厂,细颗粒物(PM2.5),64,58,55,42,44,72,72,46,46,6,9,8,7,0.6,0.6
2026-03-06T1100,2355A,114.931,27.8037,新余市,市气象局,细颗粒物(PM2.5),82,60,53,51,54,70,70,38,38,11,17,1,2,0.5,0.6
2026-03-06T1100,3206A,114.9148,27.8069,新余市,新钢沁园村,细颗粒物(PM2.5),86,65,62,53,46,75,75,46,46,15,19,15,13,0.6,0.7
2026-03-06T1100,2054A,114.1096,32.1059,信阳市,平桥分局,细颗粒物(PM2.5),80,66,70,50,51,51,51,28,28,16,25,6,6,0.3,0.5
2026-03-06T1100,2064A,113.9956,32.1272,信阳市,南湾水厂,颗粒物(PM10),59,62,69,36,43,49,49,31,31,18,20,3,3,0.4,0.4
2026-03-06T1100,2065A,114.078,32.1194,信阳市,市酿酒公司,NA,NA,70,75,58,52,NA,NA,28,28,15,23,4,4,0.5,0.6
2026-03-06T1100,2066A,114.0712,32.1393,信阳市,审计局,细颗粒物(PM2.5),92,76,78,56,52,50,50,34,34,17,26,7,7,0.4,0.5
2026-03-06T1100,4280A,122.0921,46.065,兴安盟,洮儿河南路,,24,16,32,8,22,76,76,56,56,5,17,3,3,0.4,0.6
2026-03-06T1100,4311A,122.0383,46.0691,兴安盟,科尔沁北路63号,,25,17,31,9,18,79,79,64,64,2,9,4,4,0.4,0.5
2026-03-06T1100,1077A,114.4687,37.0883,邢台市,达活泉,颗粒物(PM10),65,70,77,42,57,46,46,34,34,10,16,3,4,0.8,0.9
2026-03-06T1100,1078A,114.4954,37.0309,邢台市,邢师高专,颗粒物(PM10),51,51,76,35,54,49,49,33,33,10,15,4,4,0.7,0.8
2026-03-06T1100,1079A,114.5281,37.0857,邢台市,路桥公司,颗粒物(PM10),64,69,70,37,57,51,51,32,32,7,13,1,1,0.6,0.7
2026-03-06T1100,1080A,114.4721,37.0713,邢台市,市环保局,细颗粒物(PM2.5),100,68,74,60,63,48,48,36,36,6,10,4,4,0.7,0.7
2026-03-06T1100,4070A,114.5558,37.0578,邢台市,襄都区政府南院,细颗粒物(PM2.5),101,NA,68,61,60,NA,NA,36,36,6,17,NA,3,0.5,0.7
2026-03-06T1100,1180A,117.257,34.2161,徐州市,新城区,细颗粒物(PM2.5),114,120,73,75,48,27,27,18,18,30,32,8,8,0.8,0.6
2026-03-06T1100,1182A,117.2933,34.2796,徐州市,农科院,细颗粒物(PM2.5),126,110,67,88,53,30,30,16,16,29,38,9,9,0.8,0.7
2026-03-06T1100,3005A,117.1812,34.29,徐州市,鼓楼区政府,细颗粒物(PM2.5),116,85,62,77,51,41,41,26,26,20,30,8,8,1.0,0.9
2026-03-06T1100,3006A,117.1693,34.1781,徐州市,铜山区招生办,细颗粒物(PM2.5),115,107,73,76,48,39,39,28,28,31,42,5,5,0.8,0.7
2026-03-06T1100,3288A,117.4619,34.4368,徐州市,大泉街道,细颗粒物(PM2.5),108,102,84,68,50,42,42,18,18,22,31,9,9,0.6,0.7
2026-03-06T1100,4088A,117.1553,34.2567,徐州市,纺织东路16号,细颗粒物(PM2.5),110,106,67,70,46,43,43,29,29,22,26,8,6,0.8,0.7
2026-03-06T1100,4186A,117.194237,34.229354,徐州市,解放南路202号,细颗粒物(PM2.5),113,110,73,74,51,45,45,34,34,24,26,9,8,1.0,0.8
2026-03-06T1100,4288A,117.2438,34.2844,徐州市,龙潭环路5号,细颗粒物(PM2.5),119,102,64,80,51,34,34,18,18,25,26,8,7,1.1,0.9
2026-03-06T1100,2398A,113.7904,33.9949,许昌市,开发区,细颗粒物(PM2.5),98,85,89,59,62,47,47,37,37,14,21,3,4,0.9,0.9
2026-03-06T1100,3134A,113.8172,34.0339,许昌市,市一中,细颗粒物(PM2.5),107,NA,72,67,71,47,47,37,37,12,19,5,5,0.9,0.7
2026-03-06T1100,3337A,113.8611,34.0443,许昌市,许昌学院,细颗粒物(PM2.5),98,75,76,59,65,48,48,37,37,15,21,4,4,0.7,0.7
2026-03-06T1100,3338A,113.8428,34.0825,许昌市,芙蓉广场,细颗粒物(PM2.5),110,NA,72,70,78,44,44,34,34,15,19,4,4,0.9,0.9
2026-03-06T1100,4180A,113.8157285,34.126705,许昌市,新元大道996号,细颗粒物(PM2.5),98,84,91,59,67,51,51,38,38,12,19,4,5,0.7,0.7
2026-03-06T1100,4259A,113.835877,34.0155267,许昌市,望田路111号,NA,NA,NA,72,NA,68,NA,NA,30,30,13,20,6,6,0.8,0.8
2026-03-06T1100,2316A,118.7578,30.9457,宣城市,鳌峰子站,细颗粒物(PM2.5),66,53,70,43,45,57,57,40,40,12,23,5,6,0.5,0.6
2026-03-06T1100,2317A,118.7384,30.9745,宣城市,敬亭山子站,细颗粒物(PM2.5),84,63,70,52,54,58,58,41,41,15,23,4,4,0.4,0.5
2026-03-06T1100,2318A,118.7172,30.9428,宣城市,开发区子站,细颗粒物(PM2.5),80,51,72,50,51,65,65,32,32,18,30,6,8,0.5,0.6
2026-03-06T1100,2555A,103.011,29.9833,雅安市,市政府,NA,NA,33,32,18,17,NA,NA,20,17,NA,7,NA,4,NA,0.5
2026-03-06T1100,2556A,102.9907,29.9778,雅安市,川农大,,40,40,30,23,18,26,26,26,22,10,9,5,5,0.5,0.5
2026-03-06T1100,4306A,103.0544,30.0133,雅安市,滨江西路,,32,32,31,19,17,19,19,23,18,11,12,7,7,0.5,0.5
2026-03-06T1100,1642A,121.2517,37.564,烟台市,开发区,,34,34,44,12,34,77,77,76,76,8,18,6,7,0.2,0.4
2026-03-06T1100,1644A,121.3181,37.5436,烟台市,西郊化工站,,39,39,56,12,33,82,82,82,82,11,20,5,4,0.3,0.5
2026-03-06T1100,1645A,121.4419,37.4858,烟台市,莱山环保局,,34,34,58,12,35,81,81,79,79,10,20,7,6,0.2,0.4
2026-03-06T1100,1646A,121.2619,37.4965,烟台市,福山环保局,,36,36,58,16,35,86,86,83,83,5,14,5,3,0.4,0.5
2026-03-06T1100,3057A,121.5989,37.4016,烟台市,牟平检察院,,34,34,60,14,39,74,74,73,73,14,19,2,3,0.5,0.7
2026-03-06T1100,3366A,121.5202,37.4336,烟台市,中国农业大学,NA,NA,NA,81,NA,51,NA,NA,81,NA,NA,19,NA,6,NA,0.6
2026-03-06T1100,4213A,121.364239,37.529648,烟台市,青年南路118号,,36,36,52,13,33,80,80,78,78,6,15,7,7,0.2,0.4
2026-03-06T1100,1927A,109.4569,36.6161,延安市,延大医附院,,40,40,58,10,14,54,54,21,21,16,19,2,2,0.4,0.3
2026-03-06T1100,1929A,109.5053,36.6105,延安市,百米大道,,43,43,62,10,15,60,60,25,25,14,18,3,2,0.2,0.2
2026-03-06T1100,4161A,109.485,36.6347,延安市,志丹路,,43,43,53,11,11,61,61,56,48,11,8,2,2,0.2,0.1
2026-03-06T1100,2237A,129.4704,42.8885,延边朝鲜族自治州,妇幼医院,,32,28,43,22,28,69,69,71,68,16,15,9,7,0.3,0.4
2026-03-06T1100,2238A,129.5047,42.9117,延边朝鲜族自治州,延边医院,NA,NA,33,42,22,29,73,73,81,78,16,15,10,6,NA,0.5
2026-03-06T1100,2239A,129.395,42.8884,延边朝鲜族自治州,朝阳川镇医院,,33,27,71,23,49,84,84,79,79,6,12,3,3,0.3,0.6
2026-03-06T1100,1216A,120.1554,33.3941,盐城市,市监测站,细颗粒物(PM2.5),72,59,41,46,39,72,72,39,39,12,21,7,7,0.8,0.7
2026-03-06T1100,1218A,120.214332,33.37951,盐城市,开发区管委会,细颗粒物(PM2.5),66,55,46,43,34,72,72,40,40,8,17,5,6,0.7,0.6
2026-03-06T1100,3004A,120.1543,33.3664,盐城市,宝龙广场,NA,NA,NA,37,NA,32,NA,NA,72,26,NA,22,NA,6,NA,0.7
2026-03-06T1100,3293A,120.1518,33.3369,盐城市,月亮广场,,49,47,49,34,32,70,70,36,36,13,21,4,4,0.8,0.7
2026-03-06T1100,3436A,120.4283,33.2048,盐城市,大丰高级中学,NA,NA,63,45,34,31,NA,NA,33,32,6,15,NA,6,0.8,0.7
2026-03-06T1100,4207A,120.12211,33.393982,盐城市,黄海中路88号,颗粒物(PM10),58,61,45,29,28,78,78,40,40,10,28,5,5,0.8,0.7
2026-03-06T1100,1186A,119.3895,32.377,扬州市,邗江监测站,细颗粒物(PM2.5),80,70,62,50,39,50,50,35,35,16,18,4,4,0.7,0.5
2026-03-06T1100,2869A,119.4472,32.4156,扬州市,五台山医院,细颗粒物(PM2.5),102,70,61,62,46,42,42,32,32,27,21,4,3,0.7,0.7
2026-03-06T1100,3164A,119.4682,32.394,扬州市,广陵建设局,NA,NA,67,60,55,42,NA,NA,33,30,21,17,NA,5,0.4,0.3
2026-03-06T1100,3195A,119.3649,32.3961,扬州市,市体育局,细颗粒物(PM2.5),92,66,58,56,43,48,48,32,32,16,18,5,5,0.6,0.4
2026-03-06T1100,3294A,119.565282,32.422263,扬州市,引江管理处,细颗粒物(PM2.5),101,73,61,61,44,38,38,26,26,26,25,2,2,0.6,0.5
2026-03-06T1100,4093A,119.5202,32.3705,扬州市,廖家沟步道,细颗粒物(PM2.5),96,71,58,58,44,43,43,27,27,23,23,4,4,0.5,0.4
2026-03-06T1100,1701A,111.9491,21.8658,阳江市,马南垌,NA,NA,25,24,16,16,64,64,50,50,10,13,6,5,NA,0.7
2026-03-06T1100,3317A,111.9785,21.8954,阳江市,两阳中学,,22,21,25,15,14,70,70,58,58,5,11,/,/,0.6,0.7
2026-03-06T1100,3453A,112.0125,21.8749,阳江市,阳东陶然,,26,23,24,18,16,68,68,53,53,10,12,6,6,0.6,0.7
2026-03-06T1100,1739A,113.4894,37.8717,阳泉市,赛鱼,NA,NA,NA,90,NA,51,NA,NA,9,9,24,28,7,6,1.0,0.8
2026-03-06T1100,1740A,113.582,37.8473,阳泉市,南庄,细颗粒物(PM2.5),112,116,91,73,67,36,36,17,17,23,25,22,7,1.1,0.8
2026-03-06T1100,1742A,113.5616,37.8706,阳泉市,平坦,细颗粒物(PM2.5),115,99,91,76,55,36,36,16,16,23,27,14,7,0.9,0.7
2026-03-06T1100,1743A,113.5115,37.8391,阳泉市,大阳泉,细颗粒物(PM2.5),64,51,44,42,40,56,56,30,30,18,21,5,4,0.8,0.7
2026-03-06T1100,3619A,113.6169,37.8565,阳泉市,龙柱,细颗粒物(PM2.5),124,109,92,86,72,34,34,14,14,22,26,18,5,1.0,0.8
2026-03-06T1100,4077A,113.588,37.8712,阳泉市,宁波路,细颗粒物(PM2.5),106,113,90,66,57,38,38,17,16,18,23,11,6,1.0,0.8
2026-03-06T1100,2252A,128.8663,47.7199,伊春市,环保局,,31,31,28,13,21,71,71,64,62,14,15,3,3,0.5,0.5
2026-03-06T1100,2253A,128.9014,47.732,伊春市,电力嘉园,,22,18,28,6,19,69,69,51,51,12,13,6,8,0.4,0.4
2026-03-06T1100,3342A,128.7948,47.7291,伊春市,中心小学,NA,NA,NA,30,20,24,NA,NA,47,46,7,12,NA,3,0.5,0.5
2026-03-06T1100,3343A,128.6736,47.729,伊春市,检察院,,26,26,23,15,21,66,66,66,61,12,9,5,5,0.4,0.4
2026-03-06T1100,4284A,128.8325,47.8447,伊春市,永安路4-1号,,29,29,22,15,20,80,80,63,63,3,4,8,8,0.4,0.5
2026-03-06T1100,2704A,81.3002,43.9177,伊犁哈萨克自治州,新政府片区,,22,22,29,8,19,55,55,53,52,13,17,6,7,0.5,0.7
2026-03-06T1100,2705A,81.3364,43.9409,伊犁哈萨克自治州,第二水厂,,29,28,30,20,19,50,50,46,46,13,16,6,6,0.6,0.8
2026-03-06T1100,4273A,81.2737,43.9337,伊犁哈萨克自治州,安徽路800号,,19,16,23,6,14,59,59,57,55,12,13,6,6,0.4,0.6
2026-03-06T1100,1883A,104.6204,28.7728,宜宾市,市委,细颗粒物(PM2.5),88,65,55,54,43,16,16,27,20,23,22,12,10,1.1,1
2026-03-06T1100,1884A,104.6056,28.7931,宜宾市,宜宾四中,细颗粒物(PM2.5),88,68,61,54,46,19,19,19,17,24,25,12,7,1.0,1
2026-03-06T1100,1886A,104.5743,28.7199,宜宾市,黄金嘴,细颗粒物(PM2.5),88,72,53,54,39,11,11,17,12,32,25,10,7,1.1,0.9
2026-03-06T1100,3728A,104.6701,28.8053,宜宾市,白酒学院,细颗粒物(PM2.5),86,67,51,53,42,19,19,27,20,21,17,8,6,1.1,0.9
2026-03-06T1100,4149A,104.6146,28.7422,宜宾市,宜宾市职业技术学校,细颗粒物(PM2.5),92,66,56,56,46,19,19,18,18,26,25,12,9,0.9,0.8
2026-03-06T1100,1840A,111.2991,30.6981,宜昌市,白龙岗,细颗粒物(PM2.5),117,95,78,78,65,16,16,11,9,25,22,7,7,0.8,0.7
2026-03-06T1100,1842A,111.263451,30.696754,宜昌市,点军区,细颗粒物(PM2.5),98,74,72,59,58,15,15,8,8,29,27,6,6,0.7,0.6
2026-03-06T1100,1843A,111.3276,30.782,宜昌市,夷陵区,细颗粒物(PM2.5),100,91,92,60,66,25,25,7,7,21,24,9,8,0.7,0.8
2026-03-06T1100,3546A,111.4606,30.5519,宜昌市,猇亭区张家湾站,细颗粒物(PM2.5),134,114,90,97,84,40,40,18,18,22,26,12,12,0.4,0.4
2026-03-06T1100,4203A,111.3168,30.7203,宜昌市,西陵二路116号,细颗粒物(PM2.5),103,77,74,63,66,30,30,18,16,24,22,7,7,0.9,0.8
2026-03-06T1100,4204A,111.3526,30.6374,宜昌市,沈家店路6号,细颗粒物(PM2.5),117,94,81,78,72,21,21,3,3,25,27,10,8,0.6,0.6
2026-03-06T1100,2373A,114.3954,27.7843,宜春市,市石油公司,细颗粒物(PM2.5),72,60,45,46,33,66,66,24,24,13,15,8,7,0.9,0.8
2026-03-06T1100,2374A,114.37,27.7916,宜春市,市气象局,细颗粒物(PM2.5),92,NA,42,56,33,63,63,24,24,12,17,9,6,0.7,0.7
2026-03-06T1100,2375A,114.401,27.8059,宜春市,市广电局,细颗粒物(PM2.5),92,NA,45,56,39,59,59,26,26,18,22,8,7,0.7,0.7
2026-03-06T1100,3151A,114.375,27.8096,宜春市,宜春学院北校区,细颗粒物(PM2.5),100,NA,44,60,37,60,60,25,25,13,17,10,7,0.8,1
2026-03-06T1100,2468A,112.3458,28.581,益阳市,市环保局,细颗粒物(PM2.5),117,NA,75,78,64,44,44,37,36,19,16,9,7,0.9,0.9
2026-03-06T1100,4181A,112.3571,28.5588,益阳市,龙洲站,细颗粒物(PM2.5),120,94,84,81,62,56,56,42,42,19,19,10,7,0.9,0.9
2026-03-06T1100,4187A,112.3425,28.611,益阳市,幸福渠东路223号,细颗粒物(PM2.5),125,87,76,87,65,37,37,30,28,24,17,8,6,1.0,1
2026-03-06T1100,4188A,112.3712,28.5764,益阳市,益鑫泰路85号,细颗粒物(PM2.5),110,82,68,70,60,46,46,37,37,20,18,8,6,1.0,1
2026-03-06T1100,1489A,106.1361,38.5039,银川市,学院路,颗粒物(PM10),53,54,60,23,21,47,47,32,32,24,22,18,10,1.1,0.6
2026-03-06T1100,2924A,106.2266,38.4417,银川市,水乡路,颗粒物(PM10),53,53,72,11,17,57,57,45,44,17,18,8,9,0.6,0.4
2026-03-06T1100,2925A,106.2758,38.4841,银川市,上海东路,,34,34,44,8,15,65,65,45,44,11,13,5,5,0.4,0.4
2026-03-06T1100,2926A,106.1016,38.4971,银川市,文昌北街,颗粒物(PM10),55,57,61,22,23,55,55,39,39,20,18,20,12,0.8,0.5
2026-03-06T1100,3523A,106.5105,38.3857,银川市,滨河新区,,40,40,53,8,15,57,57,54,54,17,15,9,10,0.2,0.2
2026-03-06T1100,4242A,106.226373,38.491976,银川市,广场西路,NA,NA,NA,69,8,11,69,69,49,48,11,12,NA,6,NA,0.6
2026-03-06T1100,2358A,117.0561,28.2641,鹰潭市,新监测站,细颗粒物(PM2.5),84,NA,40,52,48,42,42,39,32,13,13,7,7,0.7,0.6
2026-03-06T1100,2359A,117.0312,28.2474,鹰潭市,财苑宾馆,细颗粒物(PM2.5),86,NA,44,53,46,42,42,40,35,11,12,6,7,/,/
2026-03-06T1100,2360A,117.0221,28.2263,鹰潭市,体育馆,细颗粒物(PM2.5),56,42,45,38,47,42,42,40,38,14,13,8,9,0.7,0.6
2026-03-06T1100,1597A,122.2704,40.7093,营口市,大庆路,NA,NA,28,30,18,21,85,85,69,69,10,13,NA,8,0.7,0.7
2026-03-06T1100,1598A,122.215,40.6511,营口市,镜湖西路,,28,21,25,15,19,88,88,72,72,6,10,5,7,0.4,0.5
2026-03-06T1100,1599A,122.1667,40.665,营口市,西炮台,,25,21,26,16,18,77,77,61,61,8,13,5,6,0.3,0.3
2026-03-06T1100,3379A,122.1122,40.2275,营口市,鲅鱼圈市民活动中心,,27,27,58,10,32,75,75,62,62,12,27,7,9,0.6,1
2026-03-06T1100,3866A,122.2469,40.663,营口市,三高中,,29,29,34,16,20,78,78,64,64,9,11,5,5,0.5,0.2
2026-03-06T1100,4006A,122.3622,40.6762,营口市,老边实验小学,,29,29,30,13,21,81,81,64,64,9,14,6,7,1.3,1.1
2026-03-06T1100,2478A,111.6126,26.4266,永州市,市环境监测站,细颗粒物(PM2.5),110,72,40,70,35,56,56,31,31,16,20,3,3,0.5,0.5
2026-03-06T1100,2480A,111.6248,26.3803,永州市,永州市环保局,细颗粒物(PM2.5),100,61,36,60,33,53,53,34,32,15,13,4,3,0.7,0.8
2026-03-06T1100,2481A,111.5989,26.4523,永州市,冷水滩区环保局,细颗粒物(PM2.5),102,79,39,62,34,66,66,33,33,16,20,4,3,0.7,0.7
2026-03-06T1100,4299A,111.6195,26.2253,永州市,徐家井路86号,细颗粒物(PM2.5),70,52,26,45,22,45,45,17,17,14,10,5,3,0.7,0.7
2026-03-06T1100,2639A,109.7445,38.2919,榆林市,世纪广场,颗粒物(PM10),54,55,37,20,9,31,31,20,10,50,35,6,5,0.7,0.3
2026-03-06T1100,2640A,109.729,38.2837,榆林市,实验中学,颗粒物(PM10),60,63,40,22,9,33,33,24,14,43,30,5,4,0.7,0.4
2026-03-06T1100,2641A,109.7347,38.2491,榆林市,环保监测大楼,颗粒物(PM10),52,52,38,25,10,42,42,32,19,37,25,7,5,0.7,0.6
2026-03-06T1100,2511A,110.1433,22.6162,玉林市,南江一中,,32,28,32,22,22,61,61,44,44,8,14,6,8,0.6,0.8
2026-03-06T1100,3532A,110.1951,22.6832,玉林市,玉林师范学院东校区,,28,28,28,3,21,70,70,44,44,8,15,5,5,0.6,0.7
2026-03-06T1100,3533A,110.0527,22.5894,玉林市,福绵环保局,,27,27,33,14,23,57,57,23,23,10,18,6,6,0.6,0.6
2026-03-06T1100,4255A,110.16795,22.640993,玉林市,人民东路196号,,25,25,30,13,23,54,54,36,36,8,18,1,2,0.5,0.7
2026-03-06T1100,2675A,97.0386,33.0138,玉树藏族自治州,玉树县结古镇,颗粒物(PM10),68,75,46,33,17,52,52,40,31,18,18,26,15,0.7,0.5
2026-03-06T1100,1715A,102.575,24.371,玉溪市,东风水库,细颗粒物(PM2.5),80,58,63,50,48,84,84,74,70,13,11,4,4,0.7,0.6
2026-03-06T1100,2882A,102.5388,24.3703,玉溪市,玉溪一中,细颗粒物(PM2.5),84,60,72,52,55,78,78,61,61,15,18,3,2,1.0,0.8
2026-03-06T1100,2883A,102.5382,24.339,玉溪市,文体中心,细颗粒物(PM2.5),70,57,70,45,49,80,80,62,62,12,15,6,6,1.0,0.8
2026-03-06T1100,1848A,113.1494,29.425,岳阳市,城陵矶,细颗粒物(PM2.5),104,78,68,64,60,40,40,15,15,32,41,14,10,0.7,0.7
2026-03-06T1100,1849A,113.1493,29.3575,岳阳市,开发区,细颗粒物(PM2.5),110,88,77,71,61,72,72,29,29,24,31,9,7,0.9,1
2026-03-06T1100,1850A,113.2672,29.4752,岳阳市,云溪区,细颗粒物(PM2.5),112,NA,78,73,65,54,54,24,24,20,20,10,10,0.8,0.9
2026-03-06T1100,1851A,112.9944,29.44,岳阳市,君山区,细颗粒物(PM2.5),109,NA,65,69,63,54,54,39,39,21,24,9,8,1.0,1
2026-03-06T1100,4265A,113.108806,29.353066,岳阳市,求索西路365号,细颗粒物(PM2.5),115,NA,60,76,58,47,47,16,16,27,29,10,8,1.1,0.8
2026-03-06T1100,1714A,112.0281,22.9738,云浮市,牧羊,,36,36,22,11,14,62,62,32,32,4,15,6,6,0.6,0.6
2026-03-06T1100,3628A,112.0335,22.9376,云浮市,文笔,,24,24,29,12,16,68,68,38,38,4,12,4,6,0.7,0.8
2026-03-06T1100,2175A,110.996,35.0148,运城市,运城中学,细颗粒物(PM2.5),72,58,65,46,43,45,45,55,50,11,15,4,7,1.0,0.9
2026-03-06T1100,2178A,110.9685,35.0305,运城市,地区技校,细颗粒物(PM2.5),74,68,69,47,41,52,52,50,48,13,20,4,6,1.0,0.9
2026-03-06T1100,3667A,111.0279,35.0543,运城市,水利职院,颗粒物(PM10),74,83,71,41,41,51,51,44,44,11,18,5,7,0.9,0.8
2026-03-06T1100,3670A,111.0522,35.0439,运城市,禹都公园,细颗粒物(PM2.5),80,73,69,50,40,53,53,54,48,11,14,6,8,0.9,0.8
2026-03-06T1100,4081A,111.0081,35.0748,运城市,学苑北路2555号,细颗粒物(PM2.5),88,86,70,54,42,52,52,47,44,13,20,8,9,0.9,0.8
2026-03-06T1100,1637A,117.5628,34.8379,枣庄市,市中区政府,细颗粒物(PM2.5),86,88,72,53,45,63,63,45,45,20,26,8,10,0.9,0.9
2026-03-06T1100,1638A,117.2855,34.7838,枣庄市,薛城环保局,细颗粒物(PM2.5),109,103,75,69,51,60,60,39,39,13,23,10,10,0.9,0.7
2026-03-06T1100,1639A,117.5854,34.7744,枣庄市,峄城区政府,细颗粒物(PM2.5),100,90,76,60,46,62,62,40,40,15,20,10,10,0.7,0.7
2026-03-06T1100,1641A,117.4516,35.0992,枣庄市,山亭区环保局,细颗粒物(PM2.5),82,66,66,51,48,72,72,57,57,8,15,5,5,0.7,0.8
2026-03-06T1100,3364A,117.316,34.8106,枣庄市,市环保局,细颗粒物(PM2.5),103,98,70,63,45,64,64,45,45,18,22,6,5,1.0,0.8
2026-03-06T1100,4266A,117.7325,34.5683,枣庄市,文化路178号,NA,NA,78,68,51,43,NA,NA,27,27,20,30,6,8,0.8,0.8
2026-03-06T1100,1680A,110.3648,21.2697,湛江市,湛江影剧院,,49,NA,24,34,22,44,44,50,40,15,13,9,6,0.7,0.7
2026-03-06T1100,1681A,110.3907,21.2279,湛江市,市环境监测站,,35,29,20,24,18,56,56,48,41,14,14,7,6,0.7,0.7
2026-03-06T1100,1682A,110.3936,21.1943,湛江市,环保局宿舍,,33,NA,20,23,19,55,55,49,41,18,16,5,5,/,/
2026-03-06T1100,1683A,110.4138,21.2033,湛江市,霞山游泳场,,35,35,35,23,20,58,58,45,40,13,13,6,6,/,/
2026-03-06T1100,1685A,110.4512,21.239,湛江市,坡头区环保局,,36,26,21,25,19,62,62,49,45,16,13,6,5,0.7,0.6
2026-03-06T1100,1858A,110.532,29.1219,张家界市,永定新区,细颗粒物(PM2.5),96,NA,52,58,45,25,25,13,13,19,16,/,/,/,/
2026-03-06T1100,1859A,110.4696,29.1244,张家界市,电业局,细颗粒物(PM2.5),76,55,52,48,43,18,18,10,10,16,17,7,7,0.5,0.5
2026-03-06T1100,1860A,110.5573,29.3486,张家界市,未央路,,40,31,32,28,28,30,30,8,8,10,8,9,8,0.6,0.6
2026-03-06T1100,1057A,114.8884,40.8336,张家口市,人民公园,,23,21,27,9,25,73,73,62,61,10,11,6,3,0.5,0.5
2026-03-06T1100,1059A,114.868581,40.804273,张家口市,五金库,,23,15,29,15,15,71,71,65,62,13,12,/,/,/,/
2026-03-06T1100,1060A,114.8901,40.762,张家口市,世纪豪园,,23,23,27,10,20,71,71,63,62,10,11,3,2,0.5,0.5
2026-03-06T1100,3131A,114.878,40.7992,张家口市,烟厂,,22,16,29,12,20,70,70,61,59,10,10,/,/,/,/
2026-03-06T1100,3323A,115.2772,40.9723,张家口市,青少年活动中心,,28,24,26,7,13,88,88,62,62,3,7,2,2,0.5,0.4
2026-03-06T1100,2654A,100.4699,38.9525,张掖市,润泉湖,NA,NA,NA,98,NA,34,49,49,63,50,NA,17,6,5,0.6,0.5
2026-03-06T1100,2655A,100.4155,38.9422,张掖市,区工会,颗粒物(PM10),96,114,97,36,40,49,49,61,48,14,14,5,4,0.6,0.4
2026-03-06T1100,2920A,117.71,24.5048,漳州市,蓝田镇,,20,14,32,11,23,62,62,28,28,16,23,4,4,0.4,0.4
2026-03-06T1100,3216A,117.662,24.5187,漳州市,漳州党校,,20,20,29,12,18,62,62,34,34,10,18,/,/,/,/
2026-03-06T1100,3530A,117.6288,24.5309,漳州市,西洋坪路,,21,21,20,11,16,56,56,25,25,13,17,4,3,0.7,0.5
2026-03-06T1100,2596A,103.7668,27.3736,昭通市,监测站,NA,NA,37,30,20,15,NA,NA,55,48,10,11,8,8,0.5,0.5
2026-03-06T1100,4261A,103.7247,27.3415,昭通市,环东路146号,,23,18,18,16,14,58,58,55,49,10,11,7,5,0.7,0.6
2026-03-06T1100,1397A,112.426,23.062,肇庆市,睦岗子站,,22,21,21,15,14,62,62,35,35,13,18,8,8,/,/
2026-03-06T1100,1398A,112.4645,23.0476,肇庆市,城中子站,,22,17,19,12,14,70,70,44,44,7,13,6,7,0.7,0.7
2026-03-06T1100,1399A,112.5545,23.1525,肇庆市,坑口子站,,20,20,20,14,14,63,63,43,43,14,17,4,5,0.4,0.4
2026-03-06T1100,3313A,112.4572,23.0163,肇庆市,高要湖西,,24,24,20,14,14,69,69,46,46,13,16,5,5,0.5,0.6
2026-03-06T1100,3451A,112.5617,23.2082,肇庆市,鼎湖凤凰,NA,NA,NA,NA,NA,NA,NA,NA,NA,NA,NA,NA,NA,NA,NA,NA
2026-03-06T1100,1203A,119.6708,32.187,镇江市,新区办事处,细颗粒物(PM2.5),72,65,61,46,42,47,47,35,35,38,35,6,6,0.5,0.5
2026-03-06T1100,1204A,119.497455,32.196732,镇江市,职教中心,细颗粒物(PM2.5),76,55,53,48,43,60,60,40,40,20,26,3,3,0.7,0.6
2026-03-06T1100,1205A,119.43,32.1328,镇江市,丹徒区监测站,NA,NA,NA,49,NA,46,68,68,48,48,NA,29,NA,2,0.6,0.6
2026-03-06T1100,2870A,119.4369,32.1891,镇江市,市疾控中心,细颗粒物(PM2.5),64,60,60,42,39,66,66,38,38,17,23,6,6,0.7,0.7
2026-03-06T1100,3287A,119.3842,32.198,镇江市,富润路1号,细颗粒物(PM2.5),60,51,53,40,38,58,58,33,33,26,31,5,5,0.8,0.7
2026-03-06T1100,1316A,113.6843,34.7622,郑州市,烟厂,细颗粒物(PM2.5),86,67,64,53,66,47,47,46,46,21,26,2,2,0.7,1
2026-03-06T1100,1318A,113.669,34.8034,郑州市,银行学校,细颗粒物(PM2.5),100,68,76,60,69,50,50,49,49,18,26,3,4,0.7,1
2026-03-06T1100,1319A,113.5612,34.8143,郑州市,供水公司,细颗粒物(PM2.5),88,68,70,54,71,56,56,52,52,15,22,1,2,0.7,1
2026-03-06T1100,1320A,113.7269,34.7187,郑州市,经开区管委,细颗粒物(PM2.5),86,70,68,53,73,50,50,48,48,15,21,1,1,0.6,0.9
2026-03-06T1100,1321A,113.7332,34.7727,郑州市,四十七中,颗粒物(PM10),65,71,72,42,62,48,48,47,47,9,14,1,2,0.6,0.8
2026-03-06T1100,1323A,113.6361,34.7537,郑州市,河医大,细颗粒物(PM2.5),106,NA,70,66,71,52,52,50,50,21,26,3,4,0.7,1
2026-03-06T1100,3471A,113.6104,34.8688,郑州市,惠济区政府,细颗粒物(PM2.5),102,73,69,62,80,47,47,45,45,14,21,2,2,0.7,1
2026-03-06T1100,3590A,113.8362,34.566,郑州市,北区建设指挥部,细颗粒物(PM2.5),86,71,70,53,69,62,62,50,50,11,20,1,2,1.0,1.2
2026-03-06T1100,3591A,113.3029,34.8041,郑州市,上街区政府,细颗粒物(PM2.5),106,71,65,66,75,48,48,41,41,15,18,2,2,0.7,0.9
2026-03-06T1100,4293A,113.605125,34.755221,郑州市,计划路2号,细颗粒物(PM2.5),107,69,74,67,75,48,48,47,47,20,24,1,2,0.6,0.8
2026-03-06T1100,4294A,113.6525645,34.77362682,郑州市,同乐路9号,细颗粒物(PM2.5),94,66,64,57,71,47,47,46,46,14,20,1,1,0.7,1
2026-03-06T1100,1379A,113.377,22.5211,中山市,华柏园,,23,22,26,16,17,63,63,50,50,18,16,/,/,/,/
2026-03-06T1100,1380A,113.3879,22.5499,中山市,张溪,,34,34,24,18,19,65,65,51,51,19,19,/,/,/,/
2026-03-06T1100,1381A,113.4071,22.5111,中山市,紫马岭,,27,27,24,16,16,70,70,50,50,16,17,8,7,0.6,0.6
2026-03-06T1100,3454A,113.3527,22.4781,中山市,中山南区,NA,NA,19,22,16,15,66,66,50,50,NA,18,6,5,NA,0.7
2026-03-06T1100,2682A,105.1965,37.4996,中卫市,环保局站,颗粒物(PM10),72,80,77,18,22,54,54,54,50,18,13,16,12,0.6,0.4
2026-03-06T1100,3650A,105.1696,37.5164,中卫市,沙坡头区政府站,颗粒物(PM10),75,85,81,16,23,58,58,55,52,14,12,15,11,0.6,0.4
2026-03-06T1100,1416A,106.4216,29.8256,重庆市,天生,,35,35,55,15,36,43,43,26,26,19,31,9,9,0.7,0.7
2026-03-06T1100,1417A,106.6264,29.7226,重庆市,两路,,43,40,39,30,30,27,27,32,25,33,32,9,8,1.0,0.8
2026-03-06T1100,1419A,106.5778,29.5103,重庆市,南坪,,35,35,44,24,28,36,36,39,36,19,14,4,4,0.6,0.6
2026-03-06T1100,1420A,106.6556,29.6277,重庆市,唐家沱,,50,NA,46,35,33,42,42,21,21,17,27,12,9,0.9,0.7
2026-03-06T1100,3014A,106.4958,29.5347,重庆市,歇台子,,33,26,42,23,31,42,42,37,37,15,22,8,7,0.5,0.8
2026-03-06T1100,3015A,106.4067,29.5729,重庆市,龙井湾,,30,30,47,20,28,47,47,42,42,21,19,8,8,0.7,0.8
2026-03-06T1100,3016A,106.5506,29.415,重庆市,龙洲湾,,32,29,35,22,30,48,48,43,43,16,16,6,7,0.4,0.4
2026-03-06T1100,3133A,106.5469,29.5655,重庆市,上清寺,,37,37,48,23,33,37,37,32,32,20,28,11,10,0.6,0.7
2026-03-06T1100,3346A,108.3871,31.1627,重庆市,安康,,43,43,39,27,24,53,53,24,24,10,18,6,7,0.7,0.7
2026-03-06T1100,3347A,105.8983,29.36,重庆市,北山路,,32,32,50,19,45,46,46,34,34,16,25,7,8,0.5,0.6
2026-03-06T1100,3350A,106.648859,29.023807,重庆市,滩子口,,23,22,34,16,28,63,63,43,43,10,19,5,6,0.4,0.5
2026-03-06T1100,3351A,105.7164,29.7077,重庆市,棠香,,43,NA,51,30,40,48,48,28,28,12,19,10,6,0.6,0.7
2026-03-06T1100,3352A,107.0733,29.8618,重庆市,桃源西路,细颗粒物(PM2.5),82,52,49,51,34,20,20,21,17,19,16,19,8,0.7,0.7
2026-03-06T1100,3353A,107.3536,29.7283,重庆市,迎宾大道,细颗粒物(PM2.5),58,40,28,39,20,27,27,23,23,32,24,18,8,0.9,0.6
2026-03-06T1100,3354A,108.8152,29.5079,重庆市,舟白,,41,41,47,25,24,22,22,16,16,10,14,7,6,0.7,0.6
2026-03-06T1100,3355A,108.3679,30.8429,重庆市,周家坝,颗粒物(PM10),63,67,58,30,30,12,12,5,5,34,29,6,7,0.7,0.7
2026-03-06T1100,3356A,108.4323,30.7554,重庆市,百安坝,,39,39,39,20,20,29,29,35,31,24,13,9,8,0.6,0.5
2026-03-06T1100,3482A,107.754,29.3275,重庆市,芙蓉中路,,31,31,32,17,23,11,11,5,5,15,16,4,5,0.8,0.8
2026-03-06T1100,3484A,106.2629,29.3202,重庆市,行政中心,,40,36,58,28,40,42,42,18,18,24,28,6,7,0.6,0.7
2026-03-06T1100,3599A,106.2648,29.9853,重庆市,书院路,,33,27,46,23,45,35,35,27,27,15,20,6,8,0.6,0.7
2026-03-06T1100,3600A,106.2334,29.5583,重庆市,虎峰,,42,42,54,21,45,30,30,29,29,27,25,6,8,0.6,0.8
2026-03-06T1100,3601A,106.0497,29.8345,重庆市,龙门街,,33,28,42,23,41,42,42,36,36,28,21,9,8,0.6,0.6
2026-03-06T1100,3610A,105.5931,29.4105,重庆市,昌元,,48,48,56,32,41,39,39,20,20,17,23,6,7,0.6,0.7
2026-03-06T1100,4136A,108.6971,30.9377,重庆市,云师幼儿园,,45,34,31,31,19,39,39,22,22,17,17,6,6,0.6,0.6
2026-03-06T1100,4137A,107.3276,30.3284,重庆市,公安局,,30,30,39,20,24,48,48,27,27,12,16,7,7,0.6,0.6
2026-03-06T1100,4138A,108.0575,30.3254,重庆市,忠县中学,,36,35,36,25,28,15,15,10,9,24,24,4,4,0.8,0.8
2026-03-06T1100,4139A,109.4542,31.0182,重庆市,竹枝路2号,,50,50,46,33,27,23,23,19,19,25,24,5,5,0.9,0.8
2026-03-06T1100,4140A,107.7422,29.871,重庆市,龙河路,细颗粒物(PM2.5),56,NA,27,38,18,29,29,40,29,20,11,8,7,0.7,0.6
2026-03-06T1100,4141A,108.7636,28.84,重庆市,桃花源中路,,33,33,37,18,19,42,42,20,20,14,13,4,3,0.8,0.7
2026-03-06T1100,4142A,108.9758,28.4416,重庆市,秀山县高级中学,细颗粒物(PM2.5),68,51,34,44,30,16,16,15,11,17,9,6,6,0.4,0.4
2026-03-06T1100,4143A,108.1558,29.2859,重庆市,河堡街,NA,NA,33,36,NA,NA,NA,NA,7,6,9,8,3,2,0.8,0.7
2026-03-06T1100,4223A,106.4686218,29.48920871,重庆市,双山路147号,,46,46,55,23,30,48,48,42,42,19,24,6,7,0.4,0.5
2026-03-06T1100,4246A,105.833962,30.18863087,重庆市,桃园路24号,细颗粒物(PM2.5),64,65,56,42,45,32,32,32,26,16,15,11,11,0.8,0.8
2026-03-06T1100,4247A,107.091033,29.153966,重庆市,钟楼街32号,,40,32,39,28,28,9,9,10,10,38,18,5,4,0.9,0.7
2026-03-06T1100,4248A,107.8042979,30.67350233,重庆市,人民南路309号,,49,49,44,22,22,44,44,29,29,8,14,5,5,0.5,0.5
2026-03-06T1100,1258A,122.1223,30.0203,舟山市,定海檀枫,,27,14,28,11,14,85,85,72,72,6,16,5,5,0.6,0.6
2026-03-06T1100,1260A,122.1898,29.9945,舟山市,临城新区,,27,19,23,11,14,85,85,75,75,9,20,5,5,0.7,0.5
2026-03-06T1100,4033A,122.3124,29.9619,舟山市,普陀东港中学,NA,NA,NA,33,NA,21,83,83,74,74,NA,17,NA,6,0.7,0.6
2026-03-06T1100,2068A,114.6755,33.6347,周口市,周口师范,细颗粒物(PM2.5),104,76,72,64,61,50,50,33,33,11,18,1,2,0.8,0.7
2026-03-06T1100,4121A,114.8466,33.7333,周口市,羲皇大道,细颗粒物(PM2.5),103,94,90,63,62,47,47,36,36,13,17,1,2,0.7,0.6
2026-03-06T1100,4269A,114.6701,33.6167,周口市,七一路,细颗粒物(PM2.5),103,83,78,63,64,52,52,36,36,12,21,2,2,0.9,0.7
2026-03-06T1100,4296A,114.6421,33.6417,周口市,健康路46号,细颗粒物(PM2.5),110,72,75,71,72,54,54,35,35,13,17,3,3,0.9,0.8
2026-03-06T1100,4297A,114.649,33.596,周口市,太昊路,细颗粒物(PM2.5),103,94,88,63,70,48,48,35,35,11,19,1,1,1.0,0.8
2026-03-06T1100,1515A,113.1265,27.8306,株洲市,天台山庄,细颗粒物(PM2.5),84,67,61,52,46,43,43,18,15,26,34,8,7,0.8,0.8
2026-03-06T1100,1518A,113.0937,27.8919,株洲市,株冶医院,细颗粒物(PM2.5),94,64,59,57,48,53,53,20,20,18,29,7,6,0.9,0.9
2026-03-06T1100,1519A,113.1709,27.8661,株洲市,市四中,细颗粒物(PM2.5),70,56,64,45,44,36,36,16,16,20,27,5,4,0.9,0.9
2026-03-06T1100,1520A,113.1515,27.8265,株洲市,火车站,细颗粒物(PM2.5),84,60,59,52,50,46,46,14,14,20,30,6,5,0.9,0.9
2026-03-06T1100,1524A,113.1329,27.8491,株洲市,市监测站,细颗粒物(PM2.5),96,71,59,58,48,38,38,20,16,24,29,8,6,0.8,0.7
2026-03-06T1100,2031A,113.1836,27.9959,株洲市,云田中学,,48,40,59,33,47,39,39,35,29,11,23,4,5,0.7,0.8
2026-03-06T1100,1367A,113.5811,22.2618,珠海市,吉大,,28,22,21,19,16,67,67,56,56,14,14,4,4,0.5,0.6
2026-03-06T1100,1368A,113.4893,22.2323,珠海市,前山,,26,24,21,18,16,59,59,48,48,20,18,/,/,/,/
2026-03-06T1100,1369A,113.6284,22.4252,珠海市,唐家,,28,21,21,19,15,71,71,60,60,20,20,/,/,/,/
2026-03-06T1100,1370A,113.2986,22.2284,珠海市,斗门,,23,18,23,16,15,70,70,49,49,14,17,5,4,0.5,0.6
2026-03-06T1100,3308A,113.3493,22.0572,珠海市,金湾,,27,27,26,17,17,63,63,52,52,14,13,/,/,0.6,0.6
2026-03-06T1100,3448A,113.5436,22.1163,珠海市,横琴,,25,23,22,17,17,56,56,51,51,22,18,/,/,/,/
2026-03-06T1100,2420A,114.0194,32.9648,驻马店市,市一纸厂,细颗粒物(PM2.5),131,124,90,94,63,27,27,27,26,18,21,3,3,0.8,0.7
2026-03-06T1100,2421A,114.0112,33.0149,驻马店市,市彩印厂,细颗粒物(PM2.5),128,131,86,90,57,25,25,32,28,21,19,5,6,0.8,0.6
2026-03-06T1100,3339A,114.0002,33.0404,驻马店市,小管楼,细颗粒物(PM2.5),128,122,76,90,56,24,24,28,24,22,20,4,4,0.8,0.5
2026-03-06T1100,4202A,113.9856,32.9802,驻马店市,交通路1233号,细颗粒物(PM2.5),124,128,88,86,57,27,27,30,26,19,19,3,3,0.8,0.5
2026-03-06T1100,2562A,104.6357,30.1508,资阳市,资阳中学,细颗粒物(PM2.5),104,NA,39,64,38,28,28,NA,NA,19,14,2,2,0.6,0.5
2026-03-06T1100,2565A,104.6297,30.1259,资阳市,区法院,细颗粒物(PM2.5),107,71,60,67,49,NA,NA,30,22,20,19,2,2,0.8,0.7
2026-03-06T1100,4150A,104.6646,30.1116,资阳市,正兴街66号,细颗粒物(PM2.5),94,72,61,57,43,23,23,30,24,17,16,3,3,0.6,0.5
2026-03-06T1100,1631A,118.0413,36.8101,淄博市,人民公园,细颗粒物(PM2.5),60,41,63,40,56,86,86,80,80,12,19,4,5,0.6,0.7
2026-03-06T1100,1633A,117.8524,36.4848,淄博市,双山,细颗粒物(PM2.5),76,59,75,48,60,73,73,72,72,17,24,8,8,0.9,0.9
2026-03-06T1100,1634A,117.9595,36.6332,淄博市,气象站,细颗粒物(PM2.5),74,53,69,47,58,79,79,75,75,11,19,3,4,0.8,0.9
2026-03-06T1100,3363A,117.9883,36.8372,淄博市,新区,细颗粒物(PM2.5),66,48,67,43,53,78,78,68,68,13,18,11,10,0.7,0.8
2026-03-06T1100,3644A,117.8662,36.8049,淄博市,三金集团,细颗粒物(PM2.5),76,73,74,48,54,75,75,72,72,12,17,7,6,0.6,0.7
2026-03-06T1100,3645A,118.0259,36.8409,淄博市,东风化工厂,颗粒物(PM10),55,56,78,36,55,82,82,74,74,8,18,2,2,0.5,0.6
2026-03-06T1100,4212A,118.3039243,36.82708161,淄博市,广场路1号,细颗粒物(PM2.5),94,NA,72,57,61,76,76,67,67,13,21,9,8,0.7,0.8
2026-03-06T1100,3028A,104.7765,29.3623,自贡市,檀木林体育馆,NA,NA,NA,58,NA,38,NA,NA,65,NA,NA,22,NA,6,NA,0.6
2026-03-06T1100,3360A,104.7894,29.3197,自贡市,南湖救助站,细颗粒物(PM2.5),76,NA,47,48,41,15,15,26,18,27,22,12,9,0.8,0.7
2026-03-06T1100,3638A,104.7637,29.3373,自贡市,轻化工大学,细颗粒物(PM2.5),88,73,58,54,46,9,9,17,13,26,21,8,7,0.8,0.7
2026-03-06T1100,4225A,104.714266,29.338571,自贡市,贡兴路74号,细颗粒物(PM2.5),88,64,55,54,43,7,7,19,10,28,18,6,6,0.5,0.3
2026-03-06T1100,1911A,106.9218,27.6872,遵义市,丁字口,NA,NA,33,33,28,27,37,37,40,38,9,7,NA,NA,0.3,0.3
2026-03-06T1100,1912A,106.9241,27.7044,遵义市,凤凰山,,42,42,38,26,26,42,42,46,43,6,5,9,9,0.5,0.5
2026-03-06T1100,1913A,106.8895,27.648,遵义市,忠庄,,48,34,36,33,29,37,37,38,37,10,8,2,3,0.7,0.7
2026-03-06T1100,1915A,106.9225,27.7253,遵义市,干田坝,,40,NA,33,28,27,45,45,45,45,12,12,5,7,0.4,0.4
2026-03-06T1100,4152A,107.0425,27.7087,遵义市,乌江大道东段1号,细颗粒物(PM2.5),52,38,35,36,28,35,35,34,34,12,11,3,4,0.5,0.5
2026-03-06T1100,4245A,106.8609,27.5969,遵义市,遵南大道1161号,,46,44,41,32,31,33,33,41,38,12,10,5,5,0.5,0.6
